#
# nrow 8916
# ncol 3
marker,chromosome,bp
JAX00723415,X,4.990476
JAX00176639,X,5.023052
JAX00708539,X,5.03195
JAX00708542,X,5.045103
JAX00708545,X,5.073812
JAX00176642,X,5.076797
JAX00176643,X,5.076865
UNC200000454,X,5.080366
JAX00708549,X,5.170998
JAX00176644,X,5.187969
JAX00176645,X,5.190647
JAX00708557,X,5.249982
JAX00708561,X,5.328082
JAX00708562,X,5.332202
JAX00176655,X,5.341266
JAX00708563,X,5.35738
JAX00708565,X,5.358993
JAX00176658,X,5.379876
JAX00176659,X,5.380864
JAX00708567,X,5.390415
JAX00708569,X,5.394705
JAX00708570,X,5.420057
JAX00176664,X,5.452756
JAX00176665,X,5.453175
JAX00708577,X,5.497407
JAX00176671,X,5.540379
JAX00708583,X,5.556305
JAX00176675,X,5.58321
JAX00238496,X,5.627872
JAX00708589,X,5.631301
JAX00708591,X,5.643927
JAX00176680,X,5.66176
JAX00176681,X,5.661946
UNC200282646,X,5.667495
JAX00708596,X,5.67731
JAX00708598,X,5.677926
JAX00708599,X,5.678718
JAX00176687,X,5.74515
JAX00708604,X,5.757971
JAX00708606,X,5.760337
JAX00176689,X,5.781281
UNC30610687,X,5.83474
JAX00708617,X,5.844525
JAX00176694,X,5.847287
UNC30610936,X,5.872625
JAX00708618,X,5.891735
JAX00708619,X,5.891758
JAX00708621,X,5.89429
UNC30611222,X,5.91346
JAX00708628,X,5.934022
JAX00176701,X,5.938036
UNC200880603,X,5.938298
JAX00708630,X,5.946539
UNC30611560,X,5.949649
UNC30611835,X,5.984626
JAX00708634,X,5.993829
JAX00708635,X,5.995739
JAX00708636,X,6.007566
JAX00176706,X,6.012006
JAX00176708,X,6.014202
UNC30612242,X,6.030804
JAX00176709,X,6.046261
UNC30612502,X,6.063715
JAX00708639,X,6.077027
JAX00708642,X,6.101023
JAX00176713,X,6.102735
JAX00176714,X,6.102774
UNC30612732,X,6.103351
UNC200285015,X,6.105555
JAX00176716,X,6.142428
JAX00708647,X,6.15815
UNC30613121,X,6.177374
JAX00708655,X,6.195905
JAX00708656,X,6.195931
JAX00708657,X,6.195948
JAX00708659,X,6.211529
JAX00708661,X,6.212617
JAX00708662,X,6.21294
UNC30613443,X,6.224617
JAX00708665,X,6.230808
UNC30613748,X,6.262237
UNC30613972,X,6.295602
UNC30614256,X,6.329441
JAX00708680,X,6.338558
UNC30614439,X,6.358885
UNC30614443,X,6.409209
JAX00708681,X,6.422348
JAX00708684,X,6.427188
JAX00176736,X,6.438612
UNC30614651,X,6.441715
JAX00708688,X,6.453669
JAX00708691,X,6.454503
JAX00176740,X,6.479504
UNC30615033,X,6.486282
JAX00708697,X,6.504137
UNC30615269,X,6.510094
JAX00176744,X,6.550945
JAX00176746,X,6.564312
backupUNC200287049,X,6.575422
UNC30615721,X,6.596917
JAX00708707,X,6.621294
JAX00176750,X,6.639679
UNC30616085,X,6.64071
JAX00176752,X,6.641328
JAX00708710,X,6.661328
JAX00708711,X,6.662073
JAX00708712,X,6.662498
JAX00708713,X,6.662553
JAX00708714,X,6.662679
JAX00708716,X,6.668265
JAX00176753,X,6.671982
JAX00708719,X,6.686454
JAX00708721,X,6.708115
UNC30616738,X,6.713205
JAX00238508,X,6.715215
JAX00176756,X,6.716606
UNC30616923,X,6.737555
JAX00708722,X,6.740436
UNC30617733,X,6.825269
JAX00708733,X,6.836055
JAX00176766,X,6.838509
JAX00708735,X,6.840966
JAX00708737,X,6.864775
UNC30618178,X,6.8676
JAX00176769,X,6.879138
UNC30618375,X,6.891021
JAX00708740,X,6.89654
UNC30618429,X,6.89709
UNC30618581,X,6.917434
JAX00176772,X,6.923797
JAX00176773,X,6.923813
UNC30618863,X,6.960606
JAX00708744,X,6.963829
JAX00176775,X,6.963957
UNC30619041,X,6.984537
JAX00708748,X,6.992614
JAX00176779,X,7.006802
JAX00708755,X,7.007389
JAX00708759,X,7.048138
JAX00708760,X,7.048799
UNC30619621,X,7.04895
JAX00708766,X,7.062336
JAX00176784,X,7.081089
UNC30620013,X,7.082508
JAX00708767,X,7.090788
UNC30620339,X,7.10945
JAX00708770,X,7.110942
JAX00176788,X,7.121075
JAX00708779,X,7.131261
UNC30620787,X,7.148039
UNC30621040,X,7.176246
JAX00708789,X,7.191309
JAX00176792,X,7.196471
UNC30621363,X,7.212619
JAX00176794,X,7.213049
UNC30621603,X,7.246244
JAX00708793,X,7.254251
JAX00708794,X,7.26165
UNC30621909,X,7.279145
JAX00176800,X,7.282808
JAX00708796,X,7.294058
JAX00708797,X,7.297907
JAX00708798,X,7.302621
JAX00708799,X,7.30284
UNC30622200,X,7.31193
JAX00708800,X,7.314852
JAX00708804,X,7.328698
UNC30622505,X,7.347099
JAX00238519,X,7.353564
UNC30623235,X,7.447259
UNC30623418,X,7.475271
JAX00708821,X,7.475973
JAX00176813,X,7.476381
JAX00176814,X,7.478418
UNC200292334,X,7.484488
JAX00708823,X,7.490876
UNC30623801,X,7.511373
JAX00708829,X,7.531514
JAX00708830,X,7.531897
JAX00708831,X,7.532964
JAX00708833,X,7.533872
JAX00176819,X,7.540262
JAX00176820,X,7.548015
JAX00238525,X,7.553841
JAX00176823,X,7.596458
JAX00708837,X,7.59776
JAX00238526,X,7.600063
JAX00708840,X,7.632703
JAX00708841,X,7.637015
UNC30624981,X,7.642018
JAX00176826,X,7.64208
JAX00176827,X,7.642478
UNC30625209,X,7.672794
JAX00176828,X,7.683348
JAX00176830,X,7.68548
UNC30625391,X,7.692572
JAX00708843,X,7.712435
JAX00708846,X,7.728536
JAX00708848,X,7.745127
JAX00708849,X,7.746035
JAX00708851,X,7.751967
JAX00708852,X,7.770294
UNC30626136,X,7.771722
JAX00708855,X,7.782331
JAX00708858,X,7.816503
UNC30626502,X,7.817159
JAX00708859,X,7.82484
JAX00176840,X,7.840168
UNC30626663,X,7.840402
JAX00176842,X,7.852744
JAX00708866,X,7.862643
JAX00708869,X,7.904355
JAX00708872,X,7.905546
JAX00708876,X,7.911547
JAX00708877,X,7.911612
JAX00708883,X,8.028837
JAX00708884,X,8.036596
JAX00708885,X,8.037127
JAX00176855,X,8.038172
JAX00176858,X,8.087518
JAX00708892,X,8.125183
UNC30627439,X,8.125531
JAX00708897,X,8.183771
JAX00708898,X,8.183802
JAX00176875,X,8.270343
JAX00708906,X,8.302594
JAX00708913,X,8.330535
JAX00238530,X,8.374137
JAX00708928,X,8.387191
JAX00708920,X,8.412629
JAX00708925,X,8.454298
JAX00708926,X,8.455662
JAX00238531,X,8.476833
JAX00176890,X,8.481089
JAX00708929,X,8.482785
JAX00708930,X,8.482857
JAX00708931,X,8.492302
JAX00708932,X,8.493128
JAX00708934,X,8.511314
JAX00176891,X,8.522325
UNC30629137,X,8.528554
JAX00176897,X,8.590279
UNC30629488,X,8.595994
JAX00708941,X,8.596917
JAX00708944,X,8.661055
JAX00708946,X,8.66114
JAX00176903,X,8.661341
JAX00708951,X,8.693633
JAX00708952,X,8.695551
JAX00708953,X,8.695643
JAX00176905,X,8.697728
JAX00708954,X,8.721415
JAX00176907,X,8.735222
JAX00176908,X,8.735296
JAX00708959,X,8.7556
UNC30630586,X,8.757437
JAX00708960,X,8.762347
JAX00238537,X,8.789721
JAX00238538,X,8.789986
JAX00708967,X,8.810552
JAX00176913,X,8.813981
JAX00708968,X,8.814533
JAX00176914,X,8.817985
UNC30631685,X,8.838612
JAX00176918,X,8.867194
JAX00176937,X,8.86776
JAX00176920,X,8.884813
JAX00708982,X,8.88584
JAX00708986,X,8.890377
JAX00708989,X,8.894882
JAX00709005,X,8.899094
backupJAX00708995,X,8.992148
JAX00708996,X,8.992164
JAX00176927,X,9.012192
JAX00176929,X,9.013842
JAX00176930,X,9.020625
JAX00176931,X,9.023977
JAX00709000,X,9.037755
JAX00709001,X,9.047647
JAX00176934,X,9.066979
JAX00176935,X,9.06713
JAX00176936,X,9.12948
JAX00709008,X,9.154856
JAX00176939,X,9.158923
JAX00709011,X,9.160501
JAX00709012,X,9.161045
JAX00176943,X,9.199683
JAX00176944,X,9.213004
JAX00709019,X,9.215372
JAX00709020,X,9.226705
JAX00176945,X,9.23621
JAX00176948,X,9.264921
JAX00709024,X,9.293881
JAX00238547,X,9.306365
JAX00238549,X,9.310401
JAX00176951,X,9.319219
JAX00176956,X,9.366633
JAX00709034,X,9.38104
JAX00709036,X,9.396172
JAX00176957,X,9.414913
UNC30635548,X,9.417433
JAX00709037,X,9.419931
JAX00709038,X,9.425719
JAX00709039,X,9.427048
JAX00709041,X,9.435575
JAX00176960,X,9.440118
JAX00176961,X,9.440437
JAX00176964,X,9.486422
UNC_rs50627251,X,9.516562
JAX00709047,X,9.525629
JAX00176966,X,9.527746
JAX00709044,X,9.527823
JAX00709051,X,9.551047
JAX00709052,X,9.564963
JAX00709054,X,9.570565
JAX00176972,X,9.580352
JAX00176974,X,9.601553
JAX00709057,X,9.626334
JAX00709059,X,9.633446
JAX00709062,X,9.643855
JAX00176975,X,9.647791
JAX00176976,X,9.651369
JAX00176977,X,9.651399
JAX00709065,X,9.660995
JAX00709067,X,9.678584
JAX00176982,X,9.71682
JAX00238552,X,9.722279
JAX00709072,X,9.737645
JAX00176983,X,9.739154
JAX00709074,X,9.747507
JAX00709076,X,9.749569
JAX00709078,X,9.771554
JAX00709079,X,9.771586
UNC30638980,X,9.776508
JAX00176988,X,9.7854
JAX00709083,X,9.785526
JAX00709088,X,9.861975
JAX00176993,X,9.878498
backupUNC200004813,X,9.918192
JAX00176996,X,9.918771
JAX00709094,X,9.919462
JAX00709097,X,9.934029
JAX00176999,X,9.943014
JAX00177000,X,9.943108
JAX00709099,X,9.944354
JAX00709103,X,9.969304
JAX00709104,X,9.988528
JAX00709105,X,9.988841
JAX00709107,X,9.994109
JAX00177004,X,10.000273
UNC30641410,X,10.037185
JAX00177008,X,10.076756
JAX00177010,X,10.083993
JAX00709116,X,10.092591
JAX00238554,X,10.098594
JAX00709117,X,10.099264
JAX00709118,X,10.099531
JAX00177011,X,10.112253
JAX00709121,X,10.113457
JAX00177012,X,10.123871
JAX00177013,X,10.124147
JAX00709122,X,10.126285
JAX00709124,X,10.131289
UNC30642287,X,10.143484
JAX00177014,X,10.161165
UNC30642514,X,10.165331
JAX00709131,X,10.172711
UNC30642753,X,10.190222
JAX00177019,X,10.20385
UNC30642921,X,10.212404
JAX00709132,X,10.219151
UNC30643162,X,10.233438
JAX00177024,X,10.268008
JAX00709135,X,10.274873
backupUNC200249354,X,10.288926
JAX00709137,X,10.308161
JAX00709138,X,10.314744
UNC30643849,X,10.321544
UNC30643986,X,10.343729
JAX00709142,X,10.354146
JAX00177030,X,10.358582
UNC30644141,X,10.366584
UNC30644302,X,10.393289
JAX00177034,X,10.400085
UNC30644441,X,10.411052
JAX00709151,X,10.419731
UNC30644689,X,10.434416
JAX00177035,X,10.437405
JAX00177037,X,10.437811
UNC30644851,X,10.455154
JAX00709156,X,10.457877
JAX00709157,X,10.460657
JAX00709161,X,10.470402
UNC30645093,X,10.476533
JAX00177039,X,10.478917
JAX00177040,X,10.481487
JAX00709162,X,10.48831
JAX00709163,X,10.495386
JAX00238555,X,10.505209
JAX00709164,X,10.510549
JAX00177042,X,10.524898
JAX00177043,X,10.524922
JAX00709165,X,10.538969
UNC30645640,X,10.539485
UNC30645817,X,10.568172
UNC30645925,X,10.58053
JAX00709173,X,10.593797
JAX00177047,X,10.596443
JAX00177049,X,10.598615
UNC30646217,X,10.605885
JAX00177051,X,10.638507
JAX00177052,X,10.638624
JAX00709180,X,10.654814
UNC30646629,X,10.659798
UNC30646731,X,10.6756
JAX00177053,X,10.678796
JAX00238561,X,10.688757
JAX00709183,X,10.699494
UNC30647009,X,10.700663
JAX00709184,X,10.714149
JAX00177056,X,10.718419
UNC30647206,X,10.721241
UNC30647370,X,10.744758
JAX00177059,X,10.764916
JAX00177060,X,10.765529
JAX00709193,X,10.769359
UNC30647623,X,10.770007
JAX00709195,X,10.773973
JAX00709197,X,10.774191
UNC30647814,X,10.788882
JAX00709199,X,10.791893
JAX00709200,X,10.797337
JAX00177063,X,10.798931
JAX00709201,X,10.799084
JAX00177064,X,10.799098
UNC30648078,X,10.811837
JAX00238563,X,10.814973
JAX00709204,X,10.819749
JAX00709206,X,10.821596
backupUNC200310334,X,10.821928
UNC30648264,X,10.828923
UNC30648327,X,10.834633
UNC30648386,X,10.840122
JAX00177067,X,10.842873
JAX00238565,X,10.843855
UNC30648539,X,10.852189
JAX00709208,X,10.85379
UNC30648622,X,10.861201
UNC30648744,X,10.874844
UNC30648821,X,10.911386
JAX00177071,X,10.919122
UNC30649018,X,10.93315
JAX00709221,X,10.939359
UNC30649084,X,10.944227
UNC30649204,X,10.955896
JAX00177074,X,10.958365
JAX00177076,X,10.958425
UNC30649305,X,10.966901
UNC30649376,X,10.978251
UNC30649432,X,10.985261
JAX00709228,X,10.992798
JAX00177077,X,10.998993
UNC30649553,X,11.001193
UNC30649629,X,11.012288
JAX00238568,X,11.017388
UNC30649708,X,11.0236
UNC30649793,X,11.035296
JAX00177080,X,11.038464
UNC30649860,X,11.045064
UNC30649957,X,11.057417
UNC30650037,X,11.071957
JAX00177083,X,11.078842
JAX00709239,X,11.09741
JAX00709243,X,11.127644
JAX00709245,X,11.130137
UNC30650530,X,11.158201
JAX00177090,X,11.163987
JAX00709249,X,11.171003
UNC30650934,X,11.20983
JAX00709257,X,11.211687
JAX00709260,X,11.227863
JAX00238576,X,11.231696
JAX00177095,X,11.23824
JAX00177096,X,11.238384
JAX00709262,X,11.23847
JAX00177099,X,11.281129
JAX00709268,X,11.303022
backupJAX00709270,X,11.306666
JAX00709272,X,11.312811
JAX00177103,X,11.321375
JAX00709274,X,11.340036
JAX00709277,X,11.344577
JAX00709280,X,11.363415
UNC30652398,X,11.364282
JAX00709283,X,11.379813
JAX00177107,X,11.39892
UNC30652732,X,11.407121
JAX00177111,X,11.438373
UNC30653309,X,11.45895
JAX00177115,X,11.493357
UNC30653765,X,11.511311
JAX00177116,X,11.518731
JAX00709302,X,11.522231
UNC30654286,X,11.557068
JAX00709308,X,11.595767
JAX00709309,X,11.612484
JAX00709310,X,11.617759
JAX00177127,X,11.627137
JAX00238585,X,11.627161
UNC30655107,X,11.662117
JAX00177128,X,11.680179
JAX00177129,X,11.681587
JAX00709322,X,11.69369
UNC30655403,X,11.704839
JAX00177131,X,11.724119
JAX00177133,X,11.730138
JAX00177134,X,11.760942
UNC30655795,X,11.765471
JAX00177137,X,11.796158
JAX00709330,X,11.824751
JAX00709338,X,11.857328
JAX00709339,X,11.86083
UNC30656656,X,11.863797
JAX00709340,X,11.875846
JAX00709341,X,11.875972
JAX00709344,X,11.89756
backupUNC200316908,X,11.903515
JAX00709345,X,11.910439
JAX00709346,X,11.910586
JAX00177151,X,11.960473
JAX00709353,X,11.988247
UNC30658252,X,12.020605
JAX00709356,X,12.027418
JAX00709359,X,12.034287
JAX00177155,X,12.039427
JAX00709362,X,12.043018
JAX00709363,X,12.045213
UNC30658767,X,12.067544
JAX00238594,X,12.076894
JAX00238595,X,12.077017
JAX00177160,X,12.083946
JAX00709372,X,12.119955
UNC30659322,X,12.120156
JAX00177163,X,12.12093
JAX00177165,X,12.160491
JAX00709373,X,12.162829
JAX00709375,X,12.166413
JAX00709378,X,12.170698
JAX00709380,X,12.178589
JAX00709382,X,12.178678
UNC30660255,X,12.202887
JAX00709387,X,12.248465
JAX00177172,X,12.248681
JAX00709390,X,12.262537
JAX00709391,X,12.262631
UNC30660941,X,12.272625
JAX00177174,X,12.281802
UNC200319662,X,12.300851
JAX00709398,X,12.309052
JAX00238601,X,12.33817
JAX00177180,X,12.352521
JAX00177181,X,12.352716
JAX00709404,X,12.377794
JAX00709408,X,12.395808
JAX00177182,X,12.398578
JAX00709411,X,12.39929
UNC30662406,X,12.424971
JAX00709415,X,12.42896
JAX00709417,X,12.431943
JAX00709418,X,12.435568
JAX00709419,X,12.444739
UNC30663028,X,12.476625
JAX00177192,X,12.524602
UNC30663933,X,12.573688
JAX00709434,X,12.626046
JAX00709437,X,12.632064
JAX00177201,X,12.640925
UNC30664376,X,12.644034
JAX00238605,X,12.655848
JAX00709442,X,12.677648
UNC30664552,X,12.678084
JAX00177203,X,12.678259
JAX00177204,X,12.679127
JAX00709444,X,12.701145
JAX00709447,X,12.712066
JAX00177208,X,12.718013
UNC30664792,X,12.729634
JAX00709450,X,12.730233
UNC30664973,X,12.781836
JAX00177213,X,12.807827
JAX00177214,X,12.808052
JAX00709456,X,12.818233
UNC30665419,X,12.830015
JAX00177215,X,12.840338
JAX00709457,X,12.842817
JAX00709465,X,12.907025
JAX00709467,X,12.909072
JAX00709470,X,12.92946
UNC30666191,X,12.931428
JAX00709471,X,12.935603
JAX00709473,X,12.94893
JAX00709475,X,12.950828
JAX00709478,X,12.980496
UNC200089428,X,12.983678
UNC30666893,X,12.984362
JAX00177228,X,13.008337
JAX00709480,X,13.019386
JAX00709481,X,13.024124
JAX00709484,X,13.044405
JAX00709485,X,13.046423
JAX00709486,X,13.04721
JAX00177233,X,13.078926
JAX00177234,X,13.080351
UNC30667923,X,13.095189
JAX00709491,X,13.103908
JAX00177236,X,13.104651
JAX00709500,X,13.137407
JAX00709501,X,13.151821
UNC30668589,X,13.181406
JAX00709504,X,13.196995
JAX00177244,X,13.198774
JAX00709505,X,13.204404
JAX00709506,X,13.223597
JAX00709512,X,13.258786
JAX00709513,X,13.269169
UNC30669207,X,13.279578
JAX00177252,X,13.318617
JAX00709522,X,13.329134
JAX00177255,X,13.362346
JAX00709526,X,13.376159
JAX00709527,X,13.378796
JAX00709529,X,13.392872
JAX00709530,X,13.397012
JAX00177261,X,13.439515
JAX00177262,X,13.439569
JAX00709542,X,13.504206
JAX00709543,X,13.510983
JAX00177266,X,13.516269
JAX00709545,X,13.517399
JAX00709546,X,13.517866
JAX00177269,X,13.557138
JAX00238624,X,13.578783
UNC30671235,X,13.579689
JAX00177274,X,13.593233
JAX00709548,X,13.61117
JAX00177275,X,13.640018
JAX00177277,X,13.640461
JAX00709553,X,13.667392
JAX00177278,X,13.679468
JAX00177279,X,13.679522
JAX00709555,X,13.708878
JAX00709559,X,13.733462
JAX00177284,X,13.746258
JAX00177285,X,13.746302
JAX00177286,X,13.757291
UNC30672748,X,13.784333
JAX00177287,X,13.794621
JAX00709560,X,13.810583
JAX00238629,X,13.831405
JAX00177290,X,13.834726
JAX00709567,X,13.858408
JAX00709569,X,13.867505
UNC30673331,X,13.900107
JAX00177297,X,13.915279
JAX00709574,X,13.929088
JAX00709575,X,13.929742
JAX00709576,X,13.929989
JAX00177298,X,13.933372
JAX00709579,X,13.948239
JAX00177299,X,13.953365
JAX00177301,X,13.956679
JAX00177302,X,14.013804
JAX00177303,X,14.014087
UNC30674102,X,14.054364
JAX00177308,X,14.08082
JAX00709584,X,14.083385
JAX00177311,X,14.120934
UNC30674758,X,14.15705
JAX00177318,X,14.199066
JAX00709591,X,14.209263
JAX00177321,X,14.236612
JAX00709596,X,14.267536
JAX00709598,X,14.292697
JAX00709599,X,14.292787
JAX00709600,X,14.296221
JAX00709601,X,14.297852
JAX00177326,X,14.319853
JAX00177327,X,14.320249
JAX00177328,X,14.320364
JAX00709608,X,14.345303
JAX00709612,X,14.378272
UNC30676681,X,14.387487
JAX00177333,X,14.419071
JAX00709613,X,14.423747
JAX00709617,X,14.44179
JAX00177337,X,14.480763
JAX00177338,X,14.481394
UNC30677423,X,14.491307
JAX00709620,X,14.502348
JAX00709622,X,14.507131
JAX00177340,X,14.522227
JAX00177344,X,14.567969
JAX00177344_b,X,14.56797
JAX00709626,X,14.56818
JAX00177346,X,14.58826
JAX00177347,X,14.588472
JAX00177348,X,14.611304
JAX00709629,X,14.614223
JAX00709632,X,14.657614
JAX00709634,X,14.660701
UNC30679070,X,14.668684
JAX00177354,X,14.681615
JAX00709635,X,14.685727
JAX00709638,X,14.706358
JAX00709639,X,14.708018
JAX00177356,X,14.715523
JAX00177357,X,14.72796
JAX00709642,X,14.728232
JAX00709643,X,14.733047
JAX00709647,X,14.795788
JAX00177360,X,14.799384
JAX00177362,X,14.800007
UNC200334548,X,14.808709
JAX00177364,X,14.839857
JAX00709650,X,14.851828
JAX00709651,X,14.851865
JAX00709653,X,14.852368
JAX00709654,X,14.852745
JAX00177366,X,14.878613
JAX00177367,X,14.882061
JAX00709657,X,14.889623
JAX00709659,X,14.901229
JAX00177369,X,14.915533
JAX00177370,X,14.915684
JAX00709662,X,14.938302
JAX00709664,X,14.938598
JAX00709665,X,14.938716
JAX00709666,X,14.938903
JAX00709667,X,14.944849
JAX00177373,X,14.960746
JAX00709670,X,14.99581
UNC30682052,X,14.996036
JAX00709671,X,14.996141
JAX00709672,X,15.003779
JAX00709675,X,15.022267
JAX00709676,X,15.029193
JAX00177381,X,15.078198
JAX00177384,X,15.118382
UNC200210623,X,15.141171
JAX00709682,X,15.141665
JAX00177387,X,15.153747
JAX00177389,X,15.153801
JAX00177392,X,15.203187
JAX00709691,X,15.220445
JAX00709693,X,15.221678
JAX00709695,X,15.281038
JAX00709697,X,15.281132
JAX00177399,X,15.314256
JAX00709701,X,15.327068
JAX00709702,X,15.327201
JAX00709703,X,15.327345
JAX00709708,X,15.36517
JAX00709709,X,15.373734
JAX00177406,X,15.393013
JAX00177409,X,15.424199
JAX00177410,X,15.453476
JAX00709715,X,15.492148
JAX00709719,X,15.494607
JAX00709720,X,15.495313
UNC30685912,X,15.499757
JAX00177414,X,15.521498
JAX00177415,X,15.521581
JAX00709722,X,15.53581
JAX00177418,X,15.576863
JAX00177421,X,15.599411
JAX00177427,X,15.677965
JAX00238650,X,15.698506
UNC30687129,X,15.709221
JAX00177429,X,15.723849
JAX00177430,X,15.72525
JAX00709727,X,15.727217
JAX00238651,X,15.727856
JAX00709729,X,15.748933
JAX00709731,X,15.753234
JAX00177434,X,15.76432
JAX00709733,X,15.764731
JAX00177435,X,15.800764
UNC30687700,X,15.809784
JAX00709736,X,15.815842
UNC30688115,X,15.890762
JAX00177442,X,15.90823
JAX00177443,X,15.908617
JAX00709741,X,15.949983
JAX00177446,X,15.956615
JAX00709744,X,15.965987
UNC30688469,X,15.991417
JAX00177448,X,15.995158
JAX00177450,X,16.000121
JAX00709748,X,16.034285
JAX00177453,X,16.041194
JAX00177456,X,16.079704
JAX00709755,X,16.094046
UNC30689278,X,16.109665
JAX00177459,X,16.123997
JAX00177460,X,16.150179
JAX00177461,X,16.150564
JAX00238656,X,16.165259
JAX00177463,X,16.19892
UNC30689836,X,16.201149
JAX00709762,X,16.210151
JAX00177467,X,16.241196
JAX00177468,X,16.241608
JAX00709767,X,16.250055
JAX00709768,X,16.250245
JAX00177469,X,16.279015
JAX00177471,X,16.279763
JAX00709774,X,16.299782
JAX00709775,X,16.300305
UNC30690563,X,16.308585
JAX00238658,X,16.313033
JAX00177472,X,16.324547
JAX00177473,X,16.324799
JAX00177477,X,16.357155
UNC30691033,X,16.362345
JAX00709782,X,16.378897
JAX00177478,X,16.400911
JAX00177479,X,16.401935
JAX00177480,X,16.40202
JAX00709786,X,16.422748
JAX00177481,X,16.436277
JAX00709788,X,16.437209
JAX00709794,X,16.496149
JAX00177491,X,16.561536
UNC30692669,X,16.584219
JAX00238665,X,16.585222
JAX00709801,X,16.591488
JAX00177494,X,16.600824
JAX00177498,X,16.654059
UNC30693126,X,16.668235
JAX00177500,X,16.675913
JAX00709810,X,16.707952
UNC30693454,X,16.711775
JAX00709811,X,16.713035
JAX00709813,X,16.717756
JAX00177504,X,16.719616
UNC30693718,X,16.742597
JAX00177505,X,16.748685
JAX00238668,X,16.757579
JAX00709819,X,16.768604
JAX00709820,X,16.768985
JAX00709822,X,16.776346
UNC30694158,X,16.787685
JAX00177508,X,16.796544
JAX00709823,X,16.804628
UNC30694401,X,16.82901
JAX00177511,X,16.832388
JAX00177513,X,16.845259
JAX00238672,X,16.863484
UNC30694645,X,16.867732
JAX00177514,X,16.876491
JAX00177517,X,16.925629
JAX00177518,X,16.926063
JAX00177519,X,16.92634
UNC30695131,X,16.933146
UNC30695738,X,17.029813
JAX00177526,X,17.034193
JAX00177527,X,17.042768
JAX00177528,X,17.043472
JAX00709842,X,17.063346
JAX00709843,X,17.063365
UNC30695994,X,17.065996
JAX00177529,X,17.082651
JAX00177530,X,17.082682
JAX00177531,X,17.082762
UNC30696306,X,17.105975
JAX00177532,X,17.118962
JAX00177533,X,17.121552
JAX00177534,X,17.121655
JAX00238678,X,17.135305
UNC30696808,X,17.172031
JAX00709853,X,17.185624
JAX00709854,X,17.210793
JAX00709855,X,17.211283
UNC30697012,X,17.213058
JAX00177541,X,17.234552
JAX00177542,X,17.23463
JAX00177543,X,17.234663
UNC30697358,X,17.272263
JAX00709858,X,17.272409
UNC30697627,X,17.306515
JAX00709864,X,17.310887
JAX00709866,X,17.312081
JAX00177547,X,17.320409
JAX00177548,X,17.320491
JAX00238681,X,17.33568
JAX00709876,X,17.380655
JAX00238682,X,17.380959
JAX00709882,X,17.434816
UNC30698758,X,17.506108
JAX00177561,X,17.513618
JAX00709883,X,17.514072
UNC30698948,X,17.545742
JAX00709886,X,17.5868
JAX00177568,X,17.593138
UNC30699425,X,17.634304
JAX00709887,X,17.662503
UNC30699686,X,17.668626
JAX00177570,X,17.679999
JAX00177572,X,17.681746
JAX00709891,X,17.693305
UNC30699898,X,17.699723
UNC200349871,X,17.707222
JAX00177576,X,17.753235
JAX00177578,X,17.757067
UNC30700441,X,17.786442
JAX00709899,X,17.798377
UNC30700765,X,17.817906
JAX00709902,X,17.822446
JAX00709904,X,17.827785
JAX00177583,X,17.838234
JAX00709907,X,17.858558
JAX00709908,X,17.858798
JAX00709909,X,17.858839
JAX00709911,X,17.890726
JAX00709912,X,17.890801
JAX00177588,X,17.931433
UNC30701595,X,17.949376
JAX00709915,X,17.950265
JAX00177592,X,17.958548
JAX00177593,X,17.966662
JAX00177594,X,18.000581
JAX00709924,X,18.108927
JAX00709926,X,18.109192
JAX00709928,X,18.109743
JAX00709929,X,18.131347
JAX00177603,X,18.150147
JAX00177604,X,18.150204
JAX00177605,X,18.151068
JAX00709933,X,18.234183
JAX00709935,X,18.240722
JAX00709936,X,18.282777
JAX00709937,X,18.283323
JAX00709938,X,18.290311
JAX00709939,X,18.291435
UNC30704330,X,18.292546
JAX00177612,X,18.305721
JAX00177614,X,18.306657
JAX00177617,X,18.369282
JAX00709943,X,18.382676
JAX00709947,X,18.398775
JAX00709951,X,18.41973
JAX00177622,X,18.439664
JAX00709952,X,18.446403
backupJAX00709954,X,18.452387
JAX00177624,X,18.491822
JAX00709956,X,18.493321
JAX00177628,X,18.510825
JAX00177629,X,18.519634
JAX00709961,X,18.539048
JAX00709962,X,18.562688
JAX00709964,X,18.563182
JAX00709965,X,18.574558
JAX00177636,X,18.622175
JAX00177637,X,18.638667
JAX00177639,X,18.687525
backupUNC200355425,X,18.688223
JAX00177640,X,18.688485
JAX00177641,X,18.691479
JAX00177642,X,18.720798
JAX00709974,X,18.720973
JAX00709975,X,18.723812
JAX00709976,X,18.724979
JAX00177645,X,18.761233
JAX00177647,X,18.761582
JAX00177648,X,18.789238
JAX00709983,X,18.81247
JAX00177652,X,18.842588
UNC30709000,X,18.856481
JAX00709992,X,18.874043
JAX00709998,X,18.959313
JAX00177661,X,18.959892
JAX00177663,X,19.002122
JAX00177665,X,19.00605
JAX00710002,X,19.0062
JAX00710003,X,19.006305
UNC200357719,X,19.007225
JAX00238694,X,19.043664
JAX00177667,X,19.051837
UNC30710710,X,19.052032
JAX00177669,X,19.086622
JAX00177671,X,19.087114
JAX00710007,X,19.102767
JAX00177674,X,19.134141
JAX00710010,X,19.15236
JAX00710011,X,19.152785
JAX00177676,X,19.155972
JAX00710016,X,19.185653
JAX00177678,X,19.195018
JAX00177679,X,19.195511
UNC30711880,X,19.237611
JAX00177684,X,19.269243
JAX00177686,X,19.279734
JAX00177689,X,19.337233
JAX00177690,X,19.365694
JAX00710023,X,19.377571
JAX00710026,X,19.41638
UNC30713209,X,19.423051
JAX00710031,X,19.467362
JAX00710032,X,19.467962
JAX00710034,X,19.474606
JAX00177699,X,19.481157
JAX00177704,X,19.520126
JAX00177705,X,19.558945
JAX00177707,X,19.563502
JAX00710039,X,19.579916
JAX00710041,X,19.589856
JAX00177708,X,19.598197
JAX00177709,X,19.599949
JAX00177710,X,19.60004
JAX00177716,X,19.683934
JAX00238701,X,19.70797
JAX00238702,X,19.707989
JAX00710046,X,19.708615
JAX00710049,X,19.710117
JAX00238703,X,19.722258
JAX00177720,X,19.754299
JAX00710061,X,19.810526
JAX00177726,X,19.847679
JAX00177731,X,19.880373
JAX00177733,X,19.927169
JAX00177734,X,19.939772
JAX00710068,X,19.948041
JAX00710069,X,19.951703
JAX00710070,X,19.957965
JAX00177735,X,19.9585
UNC30717257,X,19.978474
JAX00177738,X,19.993373
JAX00177739,X,19.99341
JAX00177740,X,19.993832
JAX00238708,X,20.008402
JAX00238709,X,20.008437
JAX00177742,X,20.035387
JAX00710073,X,20.056617
JAX00710076,X,20.085931
JAX00177746,X,20.096574
JAX00177748,X,20.12184
JAX00177749,X,20.122146
JAX00177750,X,20.146727
JAX00177752,X,20.147693
UNC30718220,X,20.162281
JAX00177753,X,20.195933
JAX00710086,X,20.212396
JAX00710089,X,20.216302
JAX00710092,X,20.223988
JAX00177757,X,20.247299
UNC30719002,X,20.286176
JAX00710097,X,20.313678
JAX00177762,X,20.318842
JAX00177763,X,20.319213
UNC30719599,X,20.335912
JAX00177765,X,20.359038
JAX00177766,X,20.359896
JAX00177767,X,20.360043
JAX00710100,X,20.361132
JAX00710103,X,20.36616
UNC30720191,X,20.385054
JAX00177768,X,20.400591
JAX00710111,X,20.409258
UNC30720465,X,20.409419
JAX00177773,X,20.440572
UNC30721070,X,20.486412
JAX00177775,X,20.486685
UNC30721263,X,20.51162
JAX00177777,X,20.518719
JAX00710127,X,20.535842
JAX00710129,X,20.536787
JAX00710130,X,20.536829
UNC30721516,X,20.541581
JAX00710134,X,20.548424
UNC30721793,X,20.570894
UNC30721931,X,20.585461
JAX00710136,X,20.626729
UNC30722598,X,20.642003
UNC30722692,X,20.668248
JAX00710140,X,20.694193
JAX00710142,X,20.69505
UNC30722932,X,20.69782
JAX00177792,X,20.717957
JAX00177796,X,20.754217
UNC30723415,X,20.7549
UNC30723729,X,20.804358
JAX00177802,X,20.828936
JAX00710154,X,20.875703
JAX00710156,X,20.883667
JAX00710158,X,20.888012
JAX00710160,X,20.889558
JAX00710162,X,20.937296
UNC30724960,X,20.940384
JAX00710170,X,20.943581
JAX00710171,X,20.94412
JAX00177810,X,20.961721
JAX00177811,X,20.962103
JAX00177812,X,20.962186
UNC30725243,X,20.992936
JAX00710173,X,20.997235
JAX00177813,X,20.998232
JAX00710175,X,21.004363
UNC30725373,X,21.004518
JAX00238730,X,21.009763
UNC30725617,X,21.039363
JAX00177816,X,21.041027
JAX00710179,X,21.066664
JAX00238732,X,21.091631
JAX00710181,X,21.09852
JAX00177822,X,21.127477
JAX00177823,X,21.127597
JAX00177824,X,21.127694
JAX00710183,X,21.130744
JAX00710184,X,21.13424
JAX00238734,X,21.146724
UNC30726384,X,21.154619
JAX00238737,X,21.224988
JAX00238739,X,21.228013
JAX00710195,X,21.253879
JAX00177834,X,21.270792
JAX00177835,X,21.278443
JAX00710197,X,21.28161
JAX00710200,X,21.306171
backupJAX00710201,X,21.310819
JAX00710204,X,21.343493
JAX00710206,X,21.406602
JAX00710207,X,21.410497
UNC30727695,X,21.435533
JAX00177846,X,21.436205
JAX00177847,X,21.436239
JAX00710211,X,21.506279
JAX00177855,X,21.541488
JAX00177856,X,21.542727
JAX00177857,X,21.544068
JAX00238742,X,21.58877
JAX00238744,X,21.636482
JAX00177861,X,21.636797
JAX00177862,X,21.636956
JAX00177863,X,21.642098
JAX00710218,X,21.65458
JAX00710223,X,21.677598
JAX00177866,X,21.678791
JAX00177867,X,21.715381
JAX00177868,X,21.715426
JAX00710224,X,21.716094
JAX00238746,X,21.724017
JAX00177870,X,21.760474
JAX00710225,X,21.760672
JAX00710226,X,21.760686
JAX00710230,X,21.788695
JAX00177873,X,21.798569
UNC30729489,X,21.801377
JAX00710231,X,21.805175
JAX00710233,X,21.810487
JAX00710234,X,21.820269
JAX00177877,X,21.832941
JAX00177880,X,21.874441
JAX00710239,X,21.902905
JAX00177884,X,21.92323
JAX00710240,X,21.923389
JAX00177888,X,21.988355
JAX00710242,X,21.989813
JAX00177890,X,21.990961
UNC30730638,X,21.999854
JAX00710243,X,22.015894
JAX00710245,X,22.029964
JAX00177892,X,22.042942
JAX00710247,X,22.050985
JAX00177896,X,22.097034
JAX00710249,X,22.097852
JAX00177897,X,22.126364
JAX00177901,X,22.160461
JAX00177902,X,22.160473
UNC30731503,X,22.172897
JAX00710253,X,22.18048
JAX00710260,X,22.219205
JAX00710261,X,22.221224
JAX00710262,X,22.22891
JAX00177909,X,22.278596
JAX00177912,X,22.319485
UNC30733028,X,22.356591
JAX00710274,X,22.362397
JAX00710275,X,22.3635
JAX00710276,X,22.363678
JAX00710277,X,22.367541
JAX00238756,X,22.376576
JAX00710279,X,22.382762
JAX00710280,X,22.3873
JAX00177920,X,22.399257
JAX00710283,X,22.43106
JAX00177922,X,22.43886
JAX00177925,X,22.48286
JAX00710289,X,22.515678
JAX00710290,X,22.515956
JAX00177927,X,22.518587
JAX00710294,X,22.53594
JAX00710297,X,22.541884
UNC30734400,X,22.542818
JAX00177930,X,22.550324
JAX00710302,X,22.574956
JAX00710306,X,22.624145
JAX00710307,X,22.626675
JAX00177936,X,22.64041
JAX00710309,X,22.644884
JAX00238759,X,22.648202
JAX00710312,X,22.656333
backupJAX00710313,X,22.659176
JAX00710315,X,22.661875
JAX00177943,X,22.718891
JAX00710318,X,22.726061
JAX00710319,X,22.727321
JAX00177945,X,22.760411
JAX00177947,X,22.760963
JAX00177948,X,22.786586
JAX00177950,X,22.81519
JAX00238762,X,22.883456
JAX00238763,X,22.883613
UNC30737281,X,22.899475
JAX00177952,X,22.979019
UNC30738356,X,23.064151
JAX00238770,X,23.177232
JAX00177954,X,23.296129
UNC200381325,X,23.345162
JAX00238774,X,23.383171
JAX00238776,X,23.437915
backupUNC200381363,X,23.522601
UNC30739775,X,23.570857
JAX00238780,X,23.907832
JAX00238786,X,24.045138
UNC200007340,X,33.060882
JAX00177959,X,33.248619
JAX00177960,X,33.249851
JAX00177963,X,33.292916
JAX00710330,X,33.311662
JAX00177965,X,33.322814
JAX00177966,X,33.322856
JAX00177967,X,33.323897
JAX00710331,X,33.333696
JAX00710332,X,33.341364
JAX00710333,X,33.350592
JAX00177970,X,33.378137
JAX00710336,X,33.386912
JAX00177971,X,33.41427
JAX00177972,X,33.414699
JAX00710338,X,33.414958
JAX00177973,X,33.415214
JAX00177974,X,33.439191
JAX00710341,X,33.440104
JAX00177976,X,33.440576
JAX00177978,X,33.501694
JAX00710346,X,33.507389
JAX00710347,X,33.52326
JAX00177980,X,33.528307
JAX00177982,X,33.531883
UNC30742350,X,33.54808
JAX00177985,X,33.564883
UNC200382483,X,33.570835
JAX00710352,X,33.591671
JAX00177986,X,33.606894
JAX00710358,X,33.609343
JAX00710359,X,33.615501
JAX00177991,X,33.647003
JAX00710360,X,33.667388
JAX00710362,X,33.677311
JAX00177993,X,33.684739
JAX00710366,X,33.691395
JAX00238840,X,33.720343
JAX00177996,X,33.726959
UNC30743509,X,33.774846
JAX00177999,X,33.781014
JAX00710375,X,33.802467
JAX00178002,X,33.806852
JAX00178003,X,33.811464
JAX00710377,X,33.827928
JAX00710379,X,33.841669
JAX00178005,X,33.842696
JAX00710381,X,33.854981
backupJAX00710383,X,33.857018
UNC30744025,X,33.874818
JAX00710385,X,33.884249
JAX00178007,X,33.884693
JAX00710386,X,33.897646
JAX00710389,X,33.91078
JAX00178010,X,33.928771
JAX00178012,X,33.928891
UNC30744427,X,33.940847
JAX00710392,X,33.961973
JAX00178017,X,34.013364
JAX00178018,X,34.015258
JAX00710398,X,34.035949
JAX00178019,X,34.048332
UNC30744860,X,34.049509
UNC30745253,X,34.103255
JAX00710403,X,34.108356
JAX00710404,X,34.110497
JAX00178025,X,34.122802
JAX00710408,X,34.142044
JAX00710409,X,34.1495
JAX00238850,X,34.160871
JAX00710411,X,34.163944
UNC30745604,X,34.165133
JAX00710414,X,34.171331
JAX00178029,X,34.174488
JAX00178030,X,34.174526
JAX00178032,X,34.207663
JAX00710416,X,34.219585
UNC30745973,X,34.219965
JAX00710417,X,34.222556
JAX00710418,X,34.223042
JAX00710420,X,34.223251
JAX00238851,X,34.235375
JAX00178035,X,34.244254
JAX00178036,X,34.244501
backupUNC200383023,X,34.281119
JAX00710426,X,34.324388
JAX00178040,X,34.328715
JAX00710429,X,34.347787
UNC30746854,X,34.35483
JAX00238856,X,34.369875
JAX00178044,X,34.369992
JAX00178045,X,34.370202
JAX00710434,X,34.394424
JAX00178047,X,34.4035
UNC30747328,X,34.423782
UNC30747562,X,34.475729
JAX00178054,X,34.507849
JAX00710441,X,34.508188
JAX00178056,X,34.530021
JAX00178057,X,34.530445
UNC30747797,X,34.530935
JAX00710444,X,34.534246
JAX00710445,X,34.558837
JAX00178060,X,34.567071
UNC30748057,X,34.570807
JAX00710451,X,34.572421
JAX00178061,X,34.609699
UNC30748468,X,34.638305
JAX00178065,X,34.646719
JAX00178066,X,34.648272
JAX00178067,X,34.683368
UNC30748788,X,34.690631
JAX00178070,X,34.72849
UNC30749060,X,34.744822
JAX00178073,X,34.753369
UNC30749196,X,34.773033
JAX00710462,X,35.046201
JAX00710468,X,35.11344
JAX00710469,X,35.113977
UNC30749542,X,35.117743
JAX00178085,X,35.16817
UNC30749597,X,35.172278
JAX00710473,X,35.177976
JAX00178088,X,35.206791
JAX00710474,X,35.21586
JAX00710475,X,35.217387
JAX00710476,X,35.218107
UNC30749825,X,35.226234
JAX00710478,X,35.271225
JAX00178096,X,35.287501
JAX00710480,X,35.292881
JAX00710481,X,35.295616
UNC30750337,X,35.337637
JAX00178097,X,35.340058
JAX00710491,X,35.379168
UNC30750639,X,35.388122
JAX00710494,X,35.397859
JAX00178101,X,35.404614
JAX00178102,X,35.41153
JAX00710496,X,35.425427
UNC30750883,X,35.440856
JAX00710498,X,35.466117
JAX00178107,X,35.483239
UNC30751340,X,35.4939
JAX00710503,X,35.512573
UNC30751841,X,35.550557
JAX00710510,X,35.593115
UNC30752144,X,35.598585
JAX00710511,X,35.600827
UNC30752337,X,35.632968
JAX00710520,X,35.687051
JAX00178124,X,35.691936
JAX00710522,X,35.745061
UNC30752867,X,35.76298
JAX00178128,X,35.773846
JAX00178129,X,35.774173
JAX00178130,X,35.77427
JAX00178131,X,35.792547
JAX00178133,X,35.806256
UNC30753118,X,35.812281
JAX00710529,X,35.819146
JAX00178135,X,35.854208
JAX00710531,X,35.858501
JAX00710532,X,35.859311
UNC30753391,X,35.862204
JAX00710533,X,35.872187
JAX00178137,X,35.878071
JAX00178139,X,35.887961
UNC200007700,X,35.892212
JAX00710536,X,35.908234
JAX00178141,X,35.930379
UNC30754038,X,35.983103
JAX00710542,X,35.983552
JAX00178147,X,36.010851
JAX00178151,X,36.04987
JAX00710546,X,36.073936
JAX00710547,X,36.07513
JAX00178154,X,36.088493
JAX00178156,X,36.125226
JAX00710553,X,36.163726
JAX00710556,X,36.166188
JAX00710557,X,36.166236
JAX00178159,X,36.168448
JAX00710560,X,36.223563
JAX00710561,X,36.227727
JAX00178164,X,36.251581
JAX00178166,X,36.252886
JAX00710564,X,36.254037
JAX00710565,X,36.256189
JAX00710568,X,36.25912
JAX00710569,X,36.259359
JAX00178167,X,36.283211
JAX00178171,X,36.327924
JAX00178172,X,36.3375
JAX00710572,X,36.344051
JAX00710574,X,36.344377
JAX00178174,X,36.377364
JAX00178175,X,36.396904
UNC200007844,X,36.457254
JAX00178179,X,36.462229
JAX00710587,X,36.516083
JAX00178183,X,36.516166
JAX00178185,X,36.526011
JAX00710588,X,36.550453
JAX00178187,X,36.58105
JAX00710593,X,36.621087
JAX00178194,X,36.661768
JAX00710595,X,36.706066
JAX00178200,X,36.736798
JAX00178201,X,36.764124
JAX00178204,X,36.80336
JAX00178205,X,36.803948
JAX00710596,X,36.813085
JAX00710600,X,36.82558
JAX00710602,X,36.829322
JAX00178207,X,36.854896
JAX00178209,X,36.863407
backupUNC200007909,X,36.886776
UNC200007914,X,36.907346
UNC30757733,X,36.921881
JAX00178214,X,36.926679
JAX00710608,X,36.937598
JAX00710609,X,36.937626
JAX00710610,X,36.937649
JAX00178221,X,37.002064
JAX00178224,X,37.049126
JAX00710613,X,37.053861
JAX00710615,X,37.057873
JAX00178226,X,37.080262
JAX00710618,X,37.105742
JAX00710620,X,37.156316
JAX00178228,X,37.156572
JAX00178229,X,37.156635
JAX00178235,X,37.285198
JAX00710632,X,37.285635
JAX00710635,X,37.330512
JAX00710636,X,37.331281
JAX00710638,X,37.347434
JAX00710639,X,37.386038
UNC200387084,X,37.415158
UNC30759672,X,37.430379
JAX00710641,X,37.435024
JAX00178249,X,37.493556
JAX00178250,X,37.493607
JAX00178251,X,37.494756
JAX00178252,X,37.524562
JAX00710655,X,37.524732
JAX00710656,X,37.525631
JAX00710657,X,37.526455
JAX00238896,X,37.576377
JAX00178257,X,37.578317
JAX00178258,X,37.602691
JAX00178259,X,37.602977
JAX00238897,X,37.639987
backupUNC200008026,X,37.64365
UNC30761011,X,37.688512
JAX00710664,X,37.702706
JAX00710668,X,37.705364
JAX00178266,X,37.739866
JAX00178267,X,37.739916
JAX00178268,X,37.766946
JAX00178269,X,37.770186
JAX00710678,X,37.796736
UNC30762021,X,37.828933
backupUNC200387638,X,37.848524
JAX00178276,X,37.849862
JAX00710680,X,37.867371
JAX00178279,X,37.876933
JAX00178282,X,37.926555
JAX00710686,X,37.959824
JAX00710687,X,37.973704
JAX00710690,X,38.03182
JAX00710693,X,38.032801
JAX00710694,X,38.032841
JAX00178289,X,38.04878
JAX00178290,X,38.050251
JAX00238903,X,38.051348
UNC30763739,X,38.185667
JAX00710701,X,38.198182
JAX00710703,X,38.199849
JAX00178302,X,38.205517
JAX00710706,X,38.205991
JAX00178304,X,38.246132
JAX00178306,X,38.25215
UNC200008104,X,38.273222
JAX00178309,X,38.29007
JAX00710712,X,38.340028
JAX00710713,X,38.344154
JAX00710716,X,38.357265
JAX00710717,X,38.357326
JAX00178313,X,38.368067
JAX00710719,X,38.399804
JAX00178316,X,38.402977
JAX00178318,X,38.405869
JAX00710721,X,38.421749
JAX00710722,X,38.423432
JAX00710723,X,38.425859
JAX00710724,X,38.42644
JAX00178319,X,38.446353
JAX00178321,X,38.459415
backupJAX00238910,X,38.489774
JAX00710727,X,38.559773
JAX00710728,X,38.563116
JAX00710729,X,38.563263
JAX00238911,X,38.566612
JAX00178327,X,38.567562
UNC30765220,X,38.580926
JAX00710732,X,38.593301
JAX00178328,X,38.608888
JAX00710734,X,38.63684
JAX00710735,X,38.637027
JAX00710736,X,38.638656
JAX00178331,X,38.651409
JAX00178333,X,38.652013
JAX00238915,X,38.700231
UNC200388435,X,38.756989
JAX00710745,X,38.758603
JAX00710746,X,38.758627
JAX00178341,X,38.764955
JAX00710747,X,38.781496
JAX00710749,X,38.794903
UNC30766111,X,38.80645
JAX00178343,X,38.806744
JAX00178344,X,38.807258
JAX00178348,X,38.853802
JAX00710756,X,38.860436
JAX00710757,X,38.864901
JAX00178350,X,38.885893
JAX00178353,X,38.920037
JAX00178354,X,38.92885
JAX00710762,X,38.929078
JAX00710764,X,38.94744
JAX00178359,X,39.010372
JAX00710773,X,39.036284
JAX00178363,X,39.049094
JAX00710777,X,39.059783
JAX00710778,X,39.060162
JAX00178365,X,39.083895
JAX00710779,X,39.106647
JAX00710782,X,39.108796
UNC30767521,X,39.112518
JAX00178368,X,39.118497
JAX00710783,X,39.149266
JAX00178371,X,39.163535
backupUNC200388541,X,39.170437
UNC30767845,X,39.198643
JAX00710787,X,39.20349
JAX00710792,X,39.236026
JAX00178376,X,39.251534
JAX00710794,X,39.301125
JAX00710795,X,39.351599
JAX00178385,X,39.366327
JAX00178386,X,39.371301
JAX00178388,X,39.408216
JAX00178389,X,39.410526
JAX00238922,X,39.424437
JAX00710804,X,39.444857
JAX00178391,X,39.449993
JAX00710805,X,39.464146
UNC30769314,X,39.46924
JAX00710807,X,39.49673
JAX00178396,X,39.522939
JAX00178397,X,39.524942
JAX00178398,X,39.525051
JAX00710810,X,39.548524
JAX00178399,X,39.567432
JAX00178401,X,39.57047
JAX00710811,X,39.571015
JAX00178403,X,39.607739
backupUNC200388916,X,39.625358
UNC30770156,X,39.63562
JAX00178409,X,39.68645
JAX00178410,X,39.686771
JAX00178411,X,39.716396
JAX00710828,X,39.78725
JAX00710829,X,39.824402
JAX00178421,X,39.855867
JAX00710836,X,39.873522
JAX00178425,X,39.889131
JAX00710841,X,39.917305
JAX00178427,X,39.918914
JAX00178428,X,39.919201
JAX00710843,X,39.9488
JAX00178430,X,39.966088
JAX00710846,X,39.975745
JAX00710849,X,40.019896
JAX00710850,X,40.026562
JAX00710851,X,40.050792
JAX00710853,X,40.06012
JAX00710854,X,40.064572
UNC30772593,X,40.131501
JAX00178443,X,40.138223
JAX00178444,X,40.1583
JAX00178446,X,40.161373
JAX00178450,X,40.245396
JAX00710862,X,40.270467
JAX00710864,X,40.294671
JAX00238935,X,40.298551
JAX00710867,X,40.312145
JAX00178458,X,40.335088
JAX00710871,X,40.359716
JAX00178459,X,40.367067
JAX00178461,X,40.369401
JAX00710872,X,40.383541
JAX00710874,X,40.387431
JAX00710875,X,40.390236
JAX00710876,X,40.392187
JAX00178463,X,40.411619
UNC30774073,X,40.415858
JAX00710878,X,40.425831
JAX00178465,X,40.452356
JAX00178466,X,40.453382
JAX00178468,X,40.484286
JAX00178469,X,40.484395
UNC30774548,X,40.510199
JAX00238939,X,40.543366
JAX00710890,X,40.589645
JAX00178482,X,40.651636
UNC200389762,X,40.662628
JAX00710894,X,40.675411
JAX00178483,X,40.688782
JAX00178484,X,40.68929
JAX00710897,X,40.719551
JAX00178488,X,40.731388
JAX00710898,X,40.747075
JAX00710899,X,40.75012
JAX00178490,X,40.76681
JAX00710903,X,40.77373
JAX00710905,X,40.781133
JAX00178493,X,40.804241
JAX00178494,X,40.805107
JAX00178495,X,40.884906
JAX00710907,X,40.891947
JAX00710908,X,40.895848
JAX00178499,X,40.915036
JAX00178500,X,40.94146
JAX00710914,X,40.941821
JAX00710915,X,40.942931
JAX00178504,X,41.003031
UNC200389979,X,41.022211
UNC30776885,X,41.051011
JAX00710923,X,41.10556
JAX00178511,X,41.109555
JAX00178512,X,41.139009
JAX00178514,X,41.163719
JAX00178516,X,41.174857
JAX00710929,X,41.179612
JAX00710933,X,41.183663
JAX00710934,X,41.212845
JAX00178520,X,41.237313
UNC30777756,X,41.245025
JAX00710935,X,41.286422
JAX00178524,X,41.287218
JAX00178525,X,41.288461
JAX00178528,X,41.330747
JAX00710939,X,41.333986
JAX00178531,X,41.387719
JAX00178532,X,41.415264
JAX00178537,X,41.453243
JAX00710944,X,41.465094
JAX00178539,X,41.489437
JAX00710945,X,41.51837
JAX00178543,X,41.523195
UNC30778904,X,41.529476
JAX00710946,X,41.547997
JAX00178544,X,41.566873
UNC200390801,X,41.57904
JAX00178551,X,41.654683
JAX00710953,X,41.660981
JAX00178553,X,41.670944
JAX00178554,X,41.678628
JAX00710955,X,41.709915
backupUNC200391017,X,41.72187
JAX00710957,X,41.74778
JAX00178560,X,41.75477
JAX00710959,X,41.755068
JAX00710960,X,41.787727
JAX00178562,X,41.798175
JAX00178563,X,41.820267
JAX00710962,X,41.820435
JAX00710964,X,41.841795
JAX00178566,X,41.853773
JAX00710966,X,41.865101
JAX00178572,X,41.932734
JAX00710971,X,41.93627
JAX00178575,X,41.962332
JAX00178576,X,41.979387
JAX00710974,X,42.051206
UNC30781834,X,42.124687
JAX00178584,X,42.129379
JAX00710976,X,42.141693
JAX00710977,X,42.141806
JAX00238953,X,42.201751
JAX00178594,X,42.265042
JAX00178595,X,42.281339
backupUNC200391881,X,42.285024
JAX00238954,X,42.316832
JAX00178600,X,42.329981
JAX00710995,X,42.332978
JAX00178601,X,42.382755
JAX00178603,X,42.384293
JAX00710996,X,42.384669
JAX00710999,X,42.393614
JAX00178606,X,42.415693
JAX00711005,X,42.442187
JAX00178609,X,42.447315
JAX00178610,X,42.534708
JAX00178613,X,42.555606
JAX00178614,X,42.576139
UNC30783995,X,42.577779
JAX00178616,X,42.604877
JAX00178619,X,42.636742
UNC30784224,X,42.654882
JAX00178623,X,42.689608
JAX00178625,X,42.715521
UNC30784917,X,42.787056
JAX00711014,X,42.800806
JAX00711020,X,42.873284
JAX00711023,X,42.902261
JAX00178640,X,42.92241
UNC200392323,X,43.068792
JAX00711028,X,43.106577
JAX00711029,X,43.106676
JAX00711031,X,43.114356
JAX00178650,X,43.114711
UNC30786585,X,43.120826
JAX00178652,X,43.140512
JAX00178654,X,43.175945
JAX00178660,X,43.251724
UNC200008702,X,43.267874
UNC30787521,X,43.330315
JAX00178667,X,43.369764
UNC30787866,X,43.39809
JAX00711042,X,43.404025
JAX00178669,X,43.408546
JAX00178670,X,43.408756
JAX00178671,X,43.443882
JAX00711047,X,43.469391
UNC30788545,X,43.534243
UNC30788846,X,43.59242
JAX00178679,X,43.604942
backupUNC200393064,X,43.61229
UNC30789157,X,43.654823
JAX00178685,X,43.698573
JAX00178686,X,43.70019
JAX00711069,X,43.70974
UNC30789410,X,43.716581
JAX00178691,X,43.761184
JAX00711071,X,43.779678
UNC30789906,X,43.784311
JAX00711074,X,43.785125
JAX00178695,X,43.807379
JAX00178696,X,43.807457
JAX00711083,X,43.915907
JAX00711087,X,43.924309
JAX00178704,X,43.924593
UNC30790865,X,43.989719
JAX00711093,X,43.99831
JAX00178711,X,44.010291
JAX00178712,X,44.046567
UNC30791395,X,44.075189
JAX00711100,X,44.07615
JAX00238976,X,44.088413
JAX00238977,X,44.088552
UNC30791526,X,44.097389
JAX00178718,X,44.124579
JAX00178720,X,44.131773
JAX00711109,X,44.164805
UNC30792038,X,44.186458
JAX00178724,X,44.206893
JAX00178725,X,44.207374
JAX00178726,X,44.207547
JAX00178727,X,44.244917
JAX00178729,X,44.250142
UNC30792419,X,44.256073
JAX00178730,X,44.292612
JAX00711118,X,44.302928
JAX00711120,X,44.31366
JAX00711121,X,44.354712
JAX00711122,X,44.364925
JAX00178737,X,44.367258
UNC30793138,X,44.406227
JAX00711126,X,44.462429
JAX00711127,X,44.47004
JAX00178746,X,44.481183
UNC30793694,X,44.498068
JAX00711129,X,44.5135
JAX00238980,X,44.514232
JAX00711130,X,44.546508
UNC200393845,X,44.560543
JAX00178751,X,44.565693
JAX00178752,X,44.565782
UNC30794281,X,44.608283
JAX00178754,X,44.608565
JAX00178756,X,44.608923
JAX00711137,X,44.634944
UNC30794480,X,44.671335
JAX00711142,X,44.690286
UNC30794561,X,44.691601
JAX00711143,X,44.691624
JAX00711146,X,44.707939
JAX00178764,X,44.733502
JAX00238982,X,44.755491
UNC30794863,X,44.760209
JAX00178766,X,44.762589
JAX00178768,X,44.771056
JAX00711152,X,44.788119
JAX00178769,X,44.815589
JAX00178773,X,44.84862
UNC30795292,X,44.857442
JAX00178776,X,44.885166
JAX00711157,X,44.901813
JAX00178779,X,44.9313
JAX00178780,X,44.931414
UNC30795630,X,44.935683
JAX00711168,X,44.979451
UNC200008932,X,44.989897
UNC30795895,X,44.990994
JAX00178785,X,45.006586
JAX00178786,X,45.006639
JAX00711174,X,45.064478
JAX00178790,X,45.100213
UNC30796430,X,45.104757
JAX00711177,X,45.108454
JAX00711180,X,45.16883
UNC30796800,X,45.190269
JAX00711184,X,45.195207
JAX00178803,X,45.247821
JAX00178804,X,45.249447
UNC30797073,X,45.258101
JAX00711187,X,45.27354
JAX00711189,X,45.285286
JAX00178805,X,45.28668
JAX00711192,X,45.287952
JAX00711193,X,45.291852
JAX00711195,X,45.307804
JAX00711201,X,45.318016
JAX00178810,X,45.336028
JAX00178811,X,45.367482
JAX00178812,X,45.368781
JAX00178813,X,45.378983
UNC30798054,X,45.380062
JAX00711208,X,45.380617
JAX00178816,X,45.407981
JAX00711211,X,45.420535
JAX00711213,X,45.425281
JAX00711214,X,45.44396
JAX00711218,X,45.449396
JAX00178819,X,45.451139
JAX00711220,X,45.451816
UNC30798651,X,45.45271
UNC200071840,X,45.453576
JAX00711222,X,45.457634
JAX00711224,X,45.482274
JAX00178821,X,45.489518
JAX00178822,X,45.502408
JAX00178823,X,45.514635
JAX00178824,X,45.514748
JAX00178825,X,45.515438
JAX00711228,X,45.51906
JAX00711231,X,45.544283
JAX00711233,X,45.5476
JAX00711235,X,45.559165
JAX00711240,X,45.596107
JAX00178829,X,45.609613
JAX00178831,X,45.610318
JAX00178832,X,45.646578
JAX00711243,X,45.649164
UNC30800635,X,45.660261
JAX00711244,X,45.663807
JAX00711249,X,45.684362
JAX00711250,X,45.684483
JAX00178837,X,45.705291
JAX00711254,X,45.719357
JAX00178840,X,45.737486
JAX00711256,X,45.742668
JAX00711259,X,45.747768
JAX00711260,X,45.747987
JAX00711261,X,45.749092
JAX00711262,X,45.761971
JAX00178845,X,45.801443
UNC30801560,X,45.802438
JAX00178846,X,45.815369
UNC30801779,X,45.833618
JAX00711267,X,45.836483
JAX00711268,X,45.837948
JAX00178847,X,45.84333
JAX00711269,X,45.843422
JAX00711270,X,45.858374
JAX00178851,X,45.887163
UNC30802291,X,45.893393
JAX00711274,X,45.89652
JAX00178852,X,45.900245
JAX00178854,X,45.931458
JAX00178856,X,45.969676
UNC30802998,X,45.974116
JAX00711284,X,45.998838
JAX00178860,X,46.006699
JAX00711286,X,46.032181
JAX00711287,X,46.03362
JAX00178864,X,46.050559
JAX00711288,X,46.05067
UNC30803751,X,46.059354
JAX00711290,X,46.062335
JAX00178866,X,46.089956
JAX00711292,X,46.090851
JAX00711293,X,46.091123
JAX00711294,X,46.091201
JAX00711296,X,46.098568
JAX00178869,X,46.130135
JAX00711299,X,46.15842
JAX00178872,X,46.167369
UNC30804612,X,46.19477
JAX00178874,X,46.209171
JAX00178879,X,46.255208
JAX00711307,X,46.264055
JAX00239001,X,46.339128
UNC30805672,X,46.339298
JAX00178883,X,46.339943
JAX00178885,X,46.341905
JAX00711312,X,46.348733
JAX00711313,X,46.349485
JAX00178887,X,46.367888
JAX00178888,X,46.370439
UNC30806046,X,46.374786
JAX00711318,X,46.392213
JAX00711320,X,46.393688
JAX00178891,X,46.422422
JAX00178893,X,46.447206
JAX00178894,X,46.449079
JAX00711328,X,46.458055
JAX00711336,X,46.517022
UNC30807434,X,46.517838
JAX00711337,X,46.518066
JAX00178900,X,46.532507
JAX00711339,X,46.54753
JAX00178901,X,46.567105
JAX00711342,X,46.573211
JAX00178903,X,46.584801
UNC30808072,X,46.58715
JAX00178904,X,46.609466
JAX00178905,X,46.609544
JAX00178906,X,46.62652
JAX00178907,X,46.642468
JAX00178908,X,46.644719
JAX00178909,X,46.646137
UNC30808641,X,46.660597
JAX00711353,X,46.691586
JAX00711354,X,46.693405
JAX00178915,X,46.727995
UNC30809138,X,46.728286
backupUNC200010273,X,46.751658
JAX00178918,X,46.788029
JAX00711361,X,46.788158
JAX00239004,X,46.793214
JAX00239005,X,46.793354
JAX00178919,X,46.81224
JAX00178920,X,46.812352
JAX00711366,X,46.81944
JAX00711367,X,46.819871
JAX00178927,X,46.898676
JAX00178932,X,46.955919
JAX00711373,X,46.972627
JAX00711382,X,46.99768
UNC30810621,X,46.997965
JAX00178935,X,46.99815
JAX00178936,X,47.024515
JAX00711383,X,47.025156
JAX00711385,X,47.034237
JAX00178939,X,47.057218
JAX00711397,X,47.119737
JAX00711398,X,47.119774
UNC30811362,X,47.124819
JAX00178943,X,47.134131
JAX00178945,X,47.135005
JAX00178947,X,47.161205
JAX00711400,X,47.175987
JAX00711403,X,47.197792
JAX00178950,X,47.207135
JAX00178951,X,47.213965
JAX00178953,X,47.239589
JAX00178954,X,47.239618
JAX00239012,X,47.283023
JAX00178956,X,47.287096
UNC30812524,X,47.310424
JAX00711412,X,47.32278
JAX00711413,X,47.3231
JAX00178960,X,47.339905
JAX00711415,X,47.343172
JAX00711416,X,47.343856
UNC30812740,X,47.350772
JAX00711417,X,47.362588
JAX00711420,X,47.379465
JAX00711422,X,47.431895
UNC30813296,X,47.450212
JAX00711423,X,47.469789
JAX00711424,X,47.471831
JAX00178970,X,47.486909
JAX00178971,X,47.490537
JAX00178975,X,47.528859
JAX00711429,X,47.546914
JAX00711430,X,47.547442
backupJAX00239017,X,47.550393
JAX00711431,X,47.559401
JAX00178978,X,47.588426
UNC30814265,X,47.597449
JAX00711437,X,47.642976
JAX00178985,X,47.690161
JAX00178986,X,47.690345
JAX00178987,X,47.690509
UNC30814939,X,47.722045
JAX00178992,X,47.777149
JAX00178994,X,47.808078
JAX00178996,X,47.808135
JAX00711446,X,47.821977
UNC30815589,X,47.840235
JAX00711451,X,47.843805
JAX00711455,X,47.857161
JAX00711464,X,47.925133
JAX00179002,X,47.927962
UNC30816229,X,47.932489
UNC30816922,X,47.999503
JAX00179009,X,48.010803
JAX00711468,X,48.011081
JAX00711470,X,48.031414
UNC30817406,X,48.044595
JAX00711475,X,48.054218
backupUNC200011184,X,48.077817
JAX00179014,X,48.083714
UNC30817780,X,48.084127
UNC30818325,X,48.134954
JAX00179016,X,48.135866
JAX00711480,X,48.161566
JAX00179021,X,48.172634
UNC30818714,X,48.190797
JAX00711483,X,48.196448
JAX00711485,X,48.200981
JAX00711486,X,48.209273
UNC30818893,X,48.227703
JAX00179026,X,48.247453
UNC30818979,X,48.253689
JAX00711489,X,48.262136
JAX00711491,X,48.273682
JAX00179029,X,48.286729
JAX00239028,X,48.313696
JAX00711495,X,48.316525
UNC30819468,X,48.32088
JAX00179031,X,48.327754
JAX00711498,X,48.357927
JAX00179035,X,48.363598
JAX00179036,X,48.36363
UNC30819822,X,48.377355
UNC30819833,X,48.414499
JAX00711502,X,48.4339
JAX00179042,X,48.465402
UNC30819860,X,48.471377
JAX00239031,X,48.489409
UNC30819984,X,48.493761
JAX00711508,X,48.501031
JAX00239033,X,48.524467
UNC30820338,X,48.553716
JAX00711512,X,48.563667
JAX00179050,X,48.567628
UNC30820520,X,48.596835
JAX00179054,X,48.608557
UNC30820593,X,48.641663
JAX00711520,X,48.683555
UNC30820816,X,48.688521
JAX00711523,X,48.696502
JAX00711524,X,48.712102
JAX00179061,X,48.727933
JAX00179062,X,48.729827
UNC30821096,X,48.735658
JAX00179064,X,48.766581
JAX00711530,X,48.770995
UNC30821425,X,48.781156
JAX00179068,X,48.808841
UNC30821709,X,48.832958
JAX00711537,X,48.833427
JAX00179070,X,48.838603
JAX00711538,X,48.870386
UNC30822118,X,48.918952
JAX00179077,X,48.928393
JAX00711545,X,48.95379
UNC30822343,X,48.962167
JAX00711551,X,48.989382
JAX00179082,X,49.008855
UNC30822679,X,49.010822
JAX00179083,X,49.011167
JAX00239041,X,49.017625
JAX00711554,X,49.031217
UNC30822917,X,49.061398
JAX00711559,X,49.082175
UNC30823100,X,49.1027
JAX00179091,X,49.129329
JAX00179093,X,49.131639
backupUNC200011470,X,49.132546
JAX00179095,X,49.170526
JAX00711566,X,49.191603
JAX00179097,X,49.213981
JAX00179099,X,49.224205
JAX00711570,X,49.236247
JAX00711571,X,49.236522
JAX00711574,X,49.240476
JAX00711575,X,49.240514
UNC30824054,X,49.24084
JAX00179101,X,49.257008
JAX00179102,X,49.257078
JAX00711578,X,49.257683
JAX00711581,X,49.263132
UNC30824327,X,49.265092
JAX00179103,X,49.276118
JAX00711585,X,49.294447
JAX00711588,X,49.318228
JAX00179106,X,49.318772
UNC30824784,X,49.330051
JAX00711594,X,49.346063
JAX00711595,X,49.355601
JAX00711596,X,49.35587
JAX00711598,X,49.373635
JAX00179111,X,49.378488
JAX00711599,X,49.379892
JAX00711601,X,49.388573
UNC30825302,X,49.395036
JAX00179114,X,49.416289
UNC30825576,X,49.427295
JAX00179117,X,49.460298
JAX00711608,X,49.471268
JAX00179119,X,49.479516
UNC30825992,X,49.487293
JAX00711614,X,49.524625
JAX00711615,X,49.525109
JAX00711617,X,49.527334
JAX00179123,X,49.528229
UNC30826267,X,49.528637
JAX00711623,X,49.547925
JAX00179125,X,49.549291
JAX00711624,X,49.551488
UNC30826946,X,49.607894
JAX00179129,X,49.62138
UNC200011964,X,49.641009
JAX00711632,X,49.642802
JAX00179132,X,49.658663
JAX00711636,X,49.665093
JAX00711640,X,49.680044
JAX00711641,X,49.682727
JAX00179134,X,49.684822
UNC30827705,X,49.702619
JAX00179137,X,49.716928
JAX00179138,X,49.721817
JAX00711648,X,49.73358
UNC30827993,X,49.741932
JAX00711651,X,49.759954
JAX00711653,X,49.763734
JAX00179139,X,49.764568
JAX00179141,X,49.770911
JAX00711660,X,49.796044
JAX00179145,X,49.839273
JAX00179146,X,49.840764
UNC30828898,X,49.841345
JAX00179147,X,49.854096
JAX00179150,X,49.882911
UNC30829237,X,49.884094
JAX00711672,X,49.899448
JAX00711674,X,49.908551
JAX00179152,X,49.909117
UNC30829501,X,49.912011
JAX00711675,X,49.91203
JAX00711676,X,49.922507
JAX00711680,X,49.93728
JAX00711687,X,49.960831
UNC30829846,X,49.960942
JAX00179154,X,49.962975
JAX00179155,X,49.969604
UNC30829909,X,49.975987
JAX00711689,X,49.994698
UNC30830018,X,49.995295
JAX00179157,X,50.00677
JAX00179158,X,50.007219
UNC30830149,X,50.012497
UNC30830250,X,50.027932
JAX00711695,X,50.030767
JAX00239054,X,50.045589
UNC30830381,X,50.046432
JAX00179160,X,50.047358
JAX00179161,X,50.047551
JAX00711697,X,50.059128
backupUNC200012354,X,50.068353
JAX00711700,X,50.076039
UNC30830777,X,50.101621
JAX00711702,X,50.108017
JAX00179164,X,50.108039
JAX00179165,X,50.108493
JAX00711704,X,50.113542
JAX00179166,X,50.113687
UNC30830939,X,50.125244
UNC30831040,X,50.133926
UNC30831221,X,50.154215
UNC30831551,X,50.187706
UNC30831919,X,50.225734
UNC30832027,X,50.23865
JAX00711713,X,50.255496
JAX00179169,X,50.258214
JAX00179171,X,50.266829
UNC30832247,X,50.268893
UNC30832315,X,50.278549
UNC200012440,X,50.279697
JAX00711721,X,50.290026
UNC30832495,X,50.297837
JAX00179177,X,50.328307
UNC30832879,X,50.335097
UNC30832957,X,50.343394
JAX00711728,X,50.363266
UNC30833163,X,50.367717
JAX00179178,X,50.369798
JAX00711732,X,50.374778
JAX00179180,X,50.380224
JAX00711734,X,50.391812
UNC30833446,X,50.4027
UNC30833519,X,50.416577
backupUNC200012541,X,50.422921
JAX00711737,X,50.430058
JAX00711741,X,50.438212
JAX00711742,X,50.442208
UNC30833735,X,50.44476
UNC30833830,X,50.459381
UNC30833889,X,50.468094
JAX00179187,X,50.473956
JAX00711748,X,50.480896
JAX00711749,X,50.480923
UNC30834080,X,50.492632
JAX00711752,X,50.497306
UNC30834242,X,50.51021
JAX00711757,X,50.512135
JAX00711761,X,50.519512
UNC30834438,X,50.531657
JAX00711763,X,50.553908
JAX00711765,X,50.600923
JAX00179196,X,50.601363
JAX00179197,X,50.606073
UNC30835089,X,50.633386
JAX00179199,X,50.633497
JAX00179202,X,50.668701
JAX00179203,X,50.680584
JAX00179206,X,50.726208
JAX00711786,X,50.739451
JAX00711788,X,50.75341
JAX00179209,X,50.764189
JAX00711790,X,50.764405
JAX00711791,X,50.809857
JAX00711794,X,50.822079
JAX00179213,X,50.823254
JAX00711797,X,50.823346
backupUNC200418225,X,50.909372
JAX00711801,X,50.914247
JAX00179218,X,50.926753
JAX00179219,X,50.926768
JAX00711805,X,50.927521
JAX00711806,X,50.942458
JAX00711807,X,50.945941
JAX00711808,X,50.955534
JAX00179222,X,50.971591
JAX00711812,X,50.973702
backupUNC200092333,X,51.051462
JAX00711818,X,51.068538
UNC30837631,X,51.094448
JAX00711824,X,51.099883
JAX00239066,X,51.134905
JAX00179235,X,51.16745
JAX00711830,X,51.168408
JAX00711832,X,51.173144
JAX00711833,X,51.178086
JAX00239067,X,51.233641
JAX00711837,X,51.237132
JAX00179246,X,51.291149
JAX00711841,X,51.29404
JAX00711842,X,51.313749
JAX00711852,X,51.379891
JAX00711853,X,51.382742
UNC200092423,X,51.419978
JAX00179258,X,51.466649
JAX00179265,X,52.652351
JAX00239088,X,52.816454
JAX00239090,X,53.061669
JAX00711882,X,53.122082
JAX00711889,X,53.175735
JAX00711890,X,53.19641
JAX00711892,X,53.201338
JAX00179288,X,53.206769
UNC200092647,X,53.216571
JAX00711897,X,53.258848
JAX00179298,X,53.322537
JAX00179303,X,53.404668
JAX00711914,X,53.406705
JAX00711918,X,53.466615
JAX00179309,X,53.483163
JAX00711926,X,53.548252
JAX00179316,X,53.573458
JAX00711929,X,53.583313
JAX00711930,X,53.587821
JAX00179317,X,53.607805
JAX00711932,X,53.623993
JAX00179320,X,53.644657
JAX00179326,X,53.717681
JAX00179327,X,53.722959
JAX00711943,X,53.727565
JAX00711945,X,53.734301
JAX00711946,X,53.734354
UNC30843062,X,53.741317
JAX00179329,X,53.749712
JAX00711949,X,53.759647
JAX00711954,X,53.784025
UNC200092758,X,53.796497
JAX00711956,X,53.799323
JAX00179333,X,53.800435
JAX00711962,X,53.846321
JAX00179337,X,53.852184
JAX00179339,X,53.88453
JAX00711969,X,53.907208
JAX00711970,X,53.911035
JAX00711971,X,53.911054
UNC30844954,X,53.945036
JAX00711976,X,53.957843
JAX00179345,X,53.967945
JAX00711980,X,53.999088
JAX00179349,X,54.016143
JAX00179351,X,54.042696
JAX00179352,X,54.043064
UNC30846202,X,54.074889
JAX00179355,X,54.084951
JAX00711990,X,54.097746
JAX00179357,X,54.125667
JAX00179358,X,54.128281
JAX00711996,X,54.157734
JAX00179359,X,54.164409
JAX00711997,X,54.168189
JAX00179364,X,54.208748
UNC30847273,X,54.211057
JAX00712000,X,54.211633
JAX00712001,X,54.212913
JAX00712002,X,54.216957
JAX00712004,X,54.220569
JAX00712005,X,54.221199
JAX00712006,X,54.225579
JAX00712007,X,54.226489
JAX00179365,X,54.226858
JAX00712008,X,54.227008
JAX00712009,X,54.234414
JAX00179367,X,54.25106
JAX00712013,X,54.271272
UNC30847755,X,54.283143
JAX00179368,X,54.285666
JAX00712015,X,54.288284
JAX00179370,X,54.289669
JAX00712019,X,54.295502
JAX00179372,X,54.319031
JAX00712021,X,54.350196
UNC30848250,X,54.352862
UNC_rs47654132,X,54.354852
JAX00179375,X,54.355205
JAX00179377,X,54.38697
JAX00712023,X,54.387313
JAX00712024,X,54.391795
JAX00712026,X,54.394311
JAX00712028,X,54.397363
JAX00712029,X,54.405454
JAX00712035,X,54.436623
JAX00712036,X,54.437883
JAX00712037,X,54.437905
JAX00179382,X,54.447263
JAX00712044,X,54.475249
JAX00712045,X,54.480762
JAX00179390,X,54.566224
JAX00712058,X,54.589019
UNC30850457,X,54.605314
JAX00179395,X,54.642767
JAX00179396,X,54.645765
UNC30850883,X,54.660341
JAX00712066,X,54.671998
JAX00179398,X,54.686758
JAX00712069,X,54.692673
JAX00179401,X,54.716464
JAX00712073,X,54.755828
UNC30851745,X,54.76548
JAX00712075,X,54.773338
JAX00712076,X,54.77461
JAX00179404,X,54.776944
JAX00179406,X,54.782608
JAX00712078,X,54.791868
JAX00179408,X,54.807753
JAX00712081,X,54.837828
JAX00179410,X,54.840693
JAX00712083,X,54.841011
JAX00179412,X,54.849616
UNC30852286,X,54.860348
JAX00179414,X,54.88878
JAX00712090,X,54.936274
JAX00239115,X,54.944598
JAX00712097,X,54.950846
UNC30853012,X,54.957726
JAX00712098,X,54.960559
JAX00179421,X,54.965585
JAX00712101,X,55.012939
UNC30853537,X,55.021624
JAX00179426,X,55.03196
JAX00712109,X,55.053566
JAX00179428,X,55.089926
JAX00179430,X,55.090519
JAX00712115,X,55.093919
JAX00712116,X,55.105545
UNC30854480,X,55.112327
JAX00239119,X,55.118732
B6_rs6368704,X,55.120804
JAX00179431,X,55.124201
JAX00712118,X,55.137252
JAX00179433,X,55.137493
JAX00712119,X,55.144304
JAX00712120,X,55.152569
JAX00179434,X,55.15304
JAX00179435,X,55.166072
JAX00712122,X,55.167307
JAX00179436,X,55.185112
UNC30855045,X,55.197075
JAX00712127,X,55.197285
JAX00179439,X,55.198088
JAX00712130,X,55.22828
JAX00712132,X,55.231614
JAX00179442,X,55.265332
UNC30855847,X,55.299352
JAX00239121,X,55.317712
JAX00179446,X,55.321668
JAX00179447,X,55.327375
JAX00179448,X,55.331289
JAX00712145,X,55.338199
JAX00179450,X,55.379861
JAX00712149,X,55.383196
JAX00179451,X,55.38331
JAX00712150,X,55.383506
JAX00179452,X,55.409274
JAX00712156,X,55.418378
JAX00712159,X,55.426119
JAX00179456,X,55.428045
JAX00179457,X,55.449254
JAX00712164,X,55.459358
UNC30857253,X,55.459781
JAX00179459,X,55.489018
JAX00179460,X,55.489895
JAX00712165,X,55.494594
JAX00712167,X,55.517766
JAX00712169,X,55.521808
JAX00179462,X,55.522214
JAX00712177,X,55.631996
JAX00712179,X,55.635815
JAX00179471,X,55.644493
JAX00712182,X,55.683302
JAX00179473,X,55.685378
JAX00712184,X,55.696767
JAX00179479,X,55.753131
JAX00179480,X,55.773752
JAX00179481,X,55.77473
JAX00239128,X,55.788887
UNC30859275,X,55.793182
JAX00712198,X,55.831543
JAX00179485,X,55.845655
JAX00179486,X,55.845757
UNC30859684,X,55.859303
JAX00712204,X,55.913622
JAX00712207,X,55.916914
JAX00712209,X,55.919774
JAX00179495,X,55.969492
JAX00179496,X,55.969836
JAX00712214,X,55.973878
JAX00179499,X,56.005235
JAX00179500,X,56.041282
UNC30861005,X,56.056244
JAX00712223,X,56.070998
JAX00712224,X,56.071184
JAX00179504,X,56.093898
JAX00712225,X,56.094928
JAX00712232,X,56.132122
JAX00712227,X,56.152843
JAX00179506,X,56.162682
UNC30861836,X,56.175011
JAX00712238,X,56.222449
UNC30862394,X,56.223753
JAX00712239,X,56.228442
JAX00712240,X,56.228826
JAX00179516,X,56.250086
JAX00712243,X,56.250112
JAX00239140,X,56.259512
JAX00712245,X,56.259543
JAX00712247,X,56.287252
JAX00712249,X,56.289516
UNC30863448,X,56.324125
JAX00712251,X,56.325057
JAX00179523,X,56.339292
JAX00712257,X,56.350223
JAX00179524,X,56.368405
JAX00712261,X,56.381081
JAX00179528,X,56.405328
JAX00712263,X,56.405461
UNC30864378,X,56.419442
JAX00712265,X,56.437463
JAX00179530,X,56.444681
JAX00179534,X,56.487958
JAX00179535,X,56.488675
UNC30865157,X,56.507339
JAX00179536,X,56.524728
JAX00712272,X,56.5266
JAX00712274,X,56.533579
JAX00712275,X,56.545645
JAX00712276,X,56.546139
JAX00179539,X,56.560435
JAX00179540,X,56.565718
JAX00712277,X,56.570897
JAX00712278,X,56.572612
JAX00179541,X,56.573874
UNC30865647,X,56.584134
JAX00712280,X,56.595948
JAX00179543,X,56.604532
JAX00179544,X,56.604569
JAX00712281,X,56.605836
JAX00179545,X,56.6444
JAX00179546,X,56.644498
backupUNC200093060,X,56.68528
JAX00712288,X,56.702595
JAX00712289,X,56.702617
JAX00712290,X,56.705703
JAX00712291,X,56.706113
JAX00179550,X,56.706199
JAX00712301,X,56.778724
JAX00712302,X,56.782633
JAX00239148,X,56.790481
JAX00179558,X,56.804655
JAX00179560,X,56.837763
JAX00179561,X,56.838027
JAX00712310,X,56.842967
JAX00712311,X,56.860508
JAX00179563,X,56.873569
JAX00712315,X,56.873628
JAX00179564,X,56.8763
JAX00179565,X,56.876336
UNC30868052,X,56.881557
JAX00239149,X,56.933558
JAX00712318,X,56.950013
JAX00179569,X,56.968808
UNC30868575,X,56.969064
JAX00179571,X,56.969676
JAX00712323,X,57.024764
JAX00712327,X,57.050765
UNC30868998,X,57.068509
JAX00239151,X,57.068852
JAX00239152,X,57.068867
JAX00179579,X,57.088827
JAX00712332,X,57.09807
JAX00712335,X,57.122825
JAX00179582,X,57.12574
JAX00179583,X,57.126548
JAX00712337,X,57.134853
JAX00712338,X,57.135234
UNC30869775,X,57.1604
JAX00239155,X,57.161078
JAX00179585,X,57.174941
JAX00179589,X,57.205929
JAX00712343,X,57.207097
UNC30870374,X,57.252913
JAX00712346,X,57.25412
JAX00712349,X,57.278524
JAX00712350,X,57.284859
UNC200093280,X,57.291283
JAX00712352,X,57.295226
JAX00179597,X,57.328294
UNC30870967,X,57.344604
JAX00179601,X,57.367912
JAX00712355,X,57.373283
JAX00712356,X,57.377439
JAX00712359,X,57.427905
UNC30871676,X,57.442638
JAX00179606,X,57.444283
JAX00179607,X,57.444452
JAX00712360,X,57.475367
JAX00712363,X,57.480124
JAX00712364,X,57.481905
UNC30872307,X,57.530313
JAX00712367,X,57.532372
JAX00712370,X,57.548348
UNC30872863,X,57.602074
JAX00179617,X,57.604421
JAX00179618,X,57.604502
JAX00712378,X,57.632216
JAX00712379,X,57.637686
JAX00712380,X,57.639865
JAX00712381,X,57.640052
UNC30874133,X,57.754978
JAX00179624,X,57.778263
JAX00179625,X,57.778548
JAX00179626,X,57.816408
JAX00712384,X,57.826424
JAX00712388,X,57.831103
JAX00239161,X,57.83739
JAX00712392,X,57.868828
JAX00179634,X,57.892817
JAX00712397,X,57.911106
JAX00712401,X,57.928471
JAX00179635,X,57.935575
JAX00179636,X,57.935598
JAX00712402,X,57.953441
JAX00712403,X,57.958867
JAX00712405,X,57.967892
JAX00179639,X,57.968652
UNC30875720,X,57.973998
JAX00239166,X,57.999173
JAX00179641,X,58.012384
JAX00179643,X,58.015313
JAX00179646,X,58.052022
JAX00712414,X,58.078356
JAX00179649,X,58.091887
JAX00712419,X,58.10919
JAX00179653,X,58.166217
backupJAX00712427,X,58.181821
JAX00179659,X,58.251232
JAX00712432,X,58.258711
JAX00179662,X,58.290653
JAX00179663,X,58.2943
JAX00712440,X,58.357407
JAX00712443,X,58.373679
JAX00712446,X,58.395289
JAX00179674,X,58.449658
JAX00179675,X,58.451305
JAX00712453,X,58.479225
JAX00179677,X,58.490544
JAX00179678,X,58.490601
UNC30879842,X,58.502448
JAX00712455,X,58.5033
JAX00712456,X,58.50445
JAX00712457,X,58.525786
JAX00179680,X,58.533865
JAX00179682,X,58.533915
JAX00179689,X,58.639222
JAX00179690,X,58.639642
JAX00712464,X,58.639677
UNC30881185,X,58.70006
JAX00712473,X,58.715566
JAX00179696,X,58.735475
JAX00712474,X,58.735671
JAX00712475,X,58.746709
JAX00712476,X,58.753605
JAX00179704,X,58.839426
JAX00179705,X,58.842806
JAX00179706,X,58.842957
JAX00712480,X,58.843575
JAX00712481,X,58.843655
JAX00179707,X,58.890724
JAX00179708,X,58.892309
JAX00179712,X,58.938063
JAX00712491,X,58.96559
JAX00712492,X,58.965707
JAX00179713,X,58.970647
JAX00712494,X,58.976962
JAX00712499,X,59.015985
JAX00239176,X,59.036648
JAX00179722,X,59.090721
JAX00179723,X,59.090735
JAX00712504,X,59.09117
JAX00712507,X,59.102086
JAX00179727,X,59.147544
JAX00179730,X,59.177861
JAX00712510,X,59.185536
JAX00712512,X,59.187299
JAX00712514,X,59.225629
JAX00712515,X,59.243953
JAX00179735,X,59.246643
UNC30885012,X,59.310116
JAX00712521,X,59.315372
JAX00712522,X,59.328442
JAX00179742,X,59.340985
JAX00712526,X,59.359362
JAX00712527,X,59.369922
JAX00179746,X,59.41474
JAX00712531,X,59.431939
JAX00179749,X,59.45803
JAX00179750,X,59.458069
JAX00179751,X,59.460514
JAX00712533,X,59.469001
JAX00239180,X,59.487879
JAX00179752,X,59.491396
JAX00179753,X,59.492211
JAX00179754,X,59.492616
JAX00712535,X,59.49271
JAX00179755,X,59.532577
UNC30886193,X,59.544126
JAX00712544,X,59.548862
JAX00179758,X,59.569209
JAX00179759,X,59.569881
JAX00712545,X,59.581357
JAX00179762,X,59.604771
JAX00179763,X,59.604995
JAX00712550,X,59.650316
JAX00179765,X,59.651029
JAX00179766,X,59.651082
JAX00239184,X,59.678597
JAX00712553,X,59.708662
JAX00712554,X,59.709399
JAX00179771,X,59.725144
JAX00712558,X,59.740666
JAX00712559,X,59.743827
JAX00712564,X,59.770468
JAX00179777,X,59.81361
JAX00179778,X,59.813673
JAX00712566,X,59.821366
JAX00712567,X,59.823864
JAX00179779,X,59.856914
JAX00712568,X,59.870133
JAX00239187,X,59.877477
JAX00712570,X,59.877744
JAX00179782,X,59.891886
JAX00179788,X,59.972151
JAX00712577,X,59.982447
JAX00712579,X,59.982867
JAX00712583,X,60.012318
JAX00179795,X,60.057077
UNC30889651,X,60.065753
JAX00712593,X,60.087583
JAX00179798,X,60.091526
JAX00179799,X,60.092096
JAX00179800,X,60.11561
JAX00712597,X,60.172027
UNC30890406,X,60.207218
JAX00712601,X,60.234798
JAX00712604,X,60.236684
JAX00712617,X,60.277342
JAX00712617_b,X,60.277414
JAX00179814,X,60.298295
JAX00712619,X,60.303055
JAX00179815,X,60.333472
JAX00179816,X,60.334014
JAX00179817,X,60.334154
JAX00239190,X,60.352886
JAX00712622,X,60.372887
JAX00712623,X,60.372908
JAX00712624,X,60.373005
JAX00712625,X,60.373047
UNC200228540,X,60.382264
JAX00712628,X,60.390173
JAX00712629,X,60.390457
JAX00712632,X,60.456523
JAX00712633,X,60.461038
JAX00712637,X,60.507263
JAX00712642,X,60.551759
JAX00712643,X,60.553985
JAX00179835,X,60.577867
JAX00179840,X,60.655656
JAX00712650,X,60.669486
JAX00712652,X,60.676784
JAX00712654,X,60.688737
JAX00179842,X,60.691423
JAX00179848,X,60.774119
JAX00179849,X,60.77429
backupJAX00179850,X,60.774482
JAX00712662,X,60.826487
UNC30895882,X,60.847626
JAX00179859,X,60.91138
JAX00712665,X,60.91219
JAX00712667,X,60.913205
JAX00179860,X,60.937122
JAX00179862,X,60.93728
backupUNC200093900,X,60.963661
JAX00712673,X,60.966369
JAX00179864,X,60.967948
JAX00239198,X,60.976873
JAX00712674,X,60.987056
JAX00712675,X,60.988558
JAX00712676,X,61.005354
JAX00179866,X,61.011596
JAX00712677,X,61.018311
JAX00712679,X,61.018951
UNC30897066,X,61.028339
JAX00179870,X,61.051751
JAX00179871,X,61.054188
JAX00712686,X,61.15765
JAX00712687,X,61.161855
JAX00712689,X,61.162006
JAX00712690,X,61.162179
JAX00179878,X,61.17473
JAX00179879,X,61.174958
JAX00179880,X,61.178578
JAX00712691,X,61.186828
JAX00712692,X,61.21373
JAX00179886,X,61.248104
JAX00712693,X,61.274528
JAX00712696,X,61.275074
JAX00179887,X,61.279905
JAX00179888,X,61.280305
JAX00179890,X,61.334713
JAX00179891,X,61.334871
JAX00712711,X,61.440917
JAX00712714,X,61.442846
JAX00712716,X,61.505259
JAX00712717,X,61.512331
JAX00239205,X,61.532009
JAX00179907,X,61.536974
JAX00712721,X,61.557406
JAX00712724,X,61.571816
JAX00712729,X,61.595766
JAX00712732,X,61.607612
JAX00179913,X,61.616996
JAX00712734,X,61.701912
JAX00712735,X,61.702449
JAX00712738,X,61.727
JAX00179918,X,61.730806
JAX00179923,X,61.785451
JAX00712747,X,61.803466
JAX00179925,X,61.815329
JAX00712749,X,61.829141
JAX00179927,X,61.855111
JAX00179928,X,61.855218
JAX00712754,X,61.855784
JAX00712756,X,61.857229
JAX00712757,X,61.876271
JAX00712758,X,61.876506
JAX00179931,X,61.891788
JAX00712760,X,61.923477
JAX00712761,X,61.923762
JAX00712763,X,61.924155
JAX00179934,X,61.926619
JAX00712767,X,61.94449
JAX00712768,X,61.946447
JAX00712775,X,62.000409
JAX00179943,X,62.04229
JAX00712778,X,62.084853
JAX00179945,X,62.092863
JAX00179947,X,62.093107
JAX00712780,X,62.096491
JAX00712781,X,62.119158
JAX00712782,X,62.127425
JAX00179948,X,62.13202
JAX00179950,X,62.132751
UNC30904273,X,62.133816
JAX00712784,X,62.134247
JAX00712785,X,62.158567
JAX00712790,X,62.159776
JAX00179954,X,62.204959
JAX00179957,X,62.242255
JAX00179960,X,62.291776
JAX00712800,X,62.301658
JAX00712803,X,62.306494
JAX00712804,X,62.306533
JAX00179963,X,62.332935
JAX00179965,X,62.333526
JAX00179969,X,62.402764
JAX00712811,X,62.432169
JAX00712815,X,62.466186
JAX00712816,X,62.468253
JAX00179974,X,62.468287
JAX00712819,X,62.496774
UNC200228740,X,62.505783
JAX00179978,X,62.524243
JAX00179979,X,62.547737
JAX00179981,X,62.56866
JAX00712826,X,62.597452
JAX00712827,X,62.597713
JAX00712829,X,62.622201
JAX00712833,X,62.624937
JAX00179989,X,62.655905
JAX00712839,X,62.657151
JAX00712841,X,62.657441
JAX00179990,X,62.691431
JAX00179991,X,62.693097
UNC30908489,X,62.697223
JAX00179993,X,62.729967
JAX00712844,X,62.748472
JAX00179997,X,62.765333
JAX00712854,X,62.800496
JAX00180002,X,62.852645
JAX00712860,X,62.859554
JAX00712861,X,62.859595
JAX00239228,X,62.878359
UNC200094855,X,62.886663
JAX00712864,X,62.889669
JAX00180005,X,62.891051
JAX00712865,X,62.892004
JAX00712866,X,62.892021
UNC30910245,X,62.894712
JAX00712868,X,62.904744
JAX00712870,X,62.904804
JAX00180009,X,62.940881
JAX00180010,X,62.943899
JAX00712875,X,62.983164
JAX00712876,X,62.983321
JAX00712877,X,62.986603
JAX00712879,X,62.988961
JAX00712881,X,63.006231
JAX00239231,X,63.006753
JAX00180014,X,63.007069
JAX00712887,X,63.087113
JAX00712890,X,63.088876
JAX00712892,X,63.093227
JAX00712893,X,63.093471
JAX00180022,X,63.09349
JAX00712894,X,63.107961
JAX00180023,X,63.14625
JAX00712895,X,63.148026
JAX00180027,X,63.176883
JAX00712898,X,63.178368
JAX00712899,X,63.178898
JAX00239232,X,63.190546
JAX00180030,X,63.227248
JAX00180031,X,63.227487
JAX00712901,X,63.236853
JAX00712902,X,63.239656
JAX00180034,X,63.255056
JAX00180036,X,63.290488
JAX00712907,X,63.313418
JAX00239233,X,63.348298
JAX00180043,X,63.375549
JAX00180044,X,63.410924
JAX00712918,X,63.411982
UNC30914051,X,63.477851
JAX00180051,X,63.493426
JAX00180053,X,63.526105
JAX00180054,X,63.54239
JAX00712933,X,63.576886
JAX00180058,X,63.577236
JAX00712936,X,63.640181
JAX00712937,X,63.640213
JAX00180062,X,63.646629
JAX00180067,X,63.702546
UNC200475308,X,63.723675
JAX00712950,X,63.815691
JAX00180075,X,63.816645
JAX00712954,X,63.855677
JAX00180078,X,63.855691
JAX00712956,X,63.882316
JAX00180081,X,63.884376
JAX00712958,X,63.888204
JAX00712959,X,63.904656
UNC200095582,X,63.917751
JAX00712962,X,63.924047
UNC30916968,X,63.968411
JAX00180087,X,63.983106
JAX00712965,X,63.987683
JAX00712967,X,64.004408
JAX00180089,X,64.008157
JAX00712969,X,64.024652
JAX00180092,X,64.050013
JAX00180093,X,64.050704
JAX00712974,X,64.053081
backupUNC200095716,X,64.05633
JAX00180096,X,64.093846
JAX00180097,X,64.098121
JAX00180098,X,64.138169
JAX00180099,X,64.140894
JAX00180103,X,64.181256
JAX00712983,X,64.188965
JAX00712984,X,64.18975
JAX00180105,X,64.223052
JAX00712987,X,64.229466
JAX00180107,X,64.25997
JAX00180108,X,64.260154
JAX00180110,X,64.293554
JAX00712997,X,64.296491
JAX00712998,X,64.323166
JAX00180114,X,64.32354
JAX00712999,X,64.331247
JAX00180115,X,64.331292
JAX00713001,X,64.334191
JAX00180117,X,64.377228
JAX00180118,X,64.378103
JAX00713008,X,64.386126
JAX00180122,X,64.439088
JAX00713013,X,64.44674
UNC30919593,X,64.470471
JAX00180126,X,64.487594
JAX00713018,X,64.525892
JAX00713021,X,64.535615
JAX00180131,X,64.582267
JAX00180133,X,64.583162
JAX00180136,X,64.613959
JAX00713028,X,64.634551
JAX00180139,X,64.670462
JAX00713037,X,64.694285
JAX00180142,X,64.711053
JAX00180144,X,64.734786
JAX00713039,X,64.736338
JAX00713040,X,64.736744
JAX00713041,X,64.736764
UNC30921482,X,64.755449
JAX00180149,X,64.808407
JAX00713045,X,64.842236
JAX00180150,X,64.845065
JAX00713048,X,64.851891
JAX00713054,X,64.90675
JAX00713055,X,64.924016
JAX00713056,X,64.924452
JAX00713058,X,64.932559
JAX00713059,X,64.970427
JAX00180159,X,64.973626
JAX00180161,X,64.980408
JAX00713062,X,64.991015
UNC30922678,X,65.003568
JAX00239257,X,65.011404
JAX00713069,X,65.073932
JAX00180168,X,65.078618
JAX00713072,X,65.084532
JAX00713074,X,65.094942
JAX00180170,X,65.103652
JAX00713075,X,65.108817
JAX00180172,X,65.139132
JAX00713077,X,65.173117
JAX00713084,X,65.223337
JAX00713089,X,65.271865
UNC30924461,X,65.273032
JAX00713093,X,65.296896
JAX00180185,X,65.303756
JAX00180185_b,X,65.303757
JAX00239262,X,65.305905
JAX00239264,X,65.306023
JAX00713094,X,65.317235
JAX00713097,X,65.339996
JAX00180188,X,65.34244
JAX00713098,X,65.342709
JAX00713099,X,65.360473
JAX00713101,X,65.378904
JAX00180190,X,65.379558
JAX00180191,X,65.379641
JAX00180198,X,65.490589
JAX00713112,X,65.493531
JAX00180200,X,65.49445
JAX00713115,X,65.524404
JAX00180202,X,65.531648
JAX00713117,X,65.537405
UNC30926143,X,65.539908
JAX00713118,X,65.542441
JAX00713119,X,65.544018
JAX00713121,X,65.584311
JAX00713125,X,65.588436
JAX00180210,X,65.647402
JAX00180212,X,65.654983
JAX00180213,X,65.697036
JAX00713131,X,65.709581
JAX00180221,X,65.768197
JAX00713135,X,65.78452
JAX00180222,X,65.797939
JAX00180224,X,65.807957
JAX00713138,X,65.81267
JAX00713142,X,65.830693
JAX00713143,X,65.830762
JAX00713145,X,65.842343
JAX00180225,X,65.851435
JAX00180226,X,65.851463
JAX00713148,X,65.871563
JAX00713149,X,65.888433
JAX00180230,X,65.911524
JAX00713150,X,65.911582
UNC200097427,X,65.946178
JAX00713155,X,65.97361
UNC30929072,X,66.00561
JAX00713160,X,66.022239
JAX00713162,X,66.057361
JAX00713166,X,66.071764
backupUNC200229256,X,66.097731
JAX00713168,X,66.103823
JAX00180243,X,66.104048
JAX00180246,X,66.123767
JAX00713174,X,66.173214
JAX00180253,X,66.211318
UNC30930499,X,66.221859
JAX00713179,X,66.232097
JAX00713187,X,66.279355
JAX00713188,X,66.27986
JAX00713189,X,66.279891
JAX00180261,X,66.324831
JAX00180265,X,66.356259
JAX00713196,X,66.3752
JAX00713198,X,66.413438
JAX00180269,X,66.427439
JAX00713200,X,66.444203
JAX00713201,X,66.444407
backupUNC200098152,X,66.467172
JAX00713202,X,66.467676
JAX00713203,X,66.470249
JAX00180274,X,66.486071
JAX00713210,X,66.510438
JAX00713214,X,66.521227
JAX00713215,X,66.531476
JAX00180277,X,66.531496
JAX00713217,X,66.55451
JAX00180280,X,66.56145
JAX00239285,X,66.597724
JAX00713224,X,66.625827
JAX00713231,X,66.655559
JAX00180287,X,66.66223
JAX00713236,X,66.669768
JAX00713237,X,66.691824
JAX00713238,X,66.69236
JAX00180290,X,66.704348
JAX00713242,X,66.70849
JAX00713245,X,66.714314
JAX00713246,X,66.716497
JAX00713248,X,66.726144
JAX00713251,X,66.729479
JAX00180294,X,66.761135
JAX00180296,X,66.762781
JAX00713258,X,66.817697
JAX00180298,X,66.819997
JAX00180299,X,66.820035
JAX00713260,X,66.833139
UNC30934795,X,66.837268
JAX00713267,X,66.84367
JAX00713268,X,66.852671
JAX00239291,X,66.853158
JAX00713269,X,66.869689
JAX00713270,X,66.870512
JAX00180303,X,66.879359
JAX00713273,X,66.900023
JAX00180304,X,66.900637
JAX00713276,X,66.902839
JAX00713278,X,66.913195
JAX00180311,X,66.989591
JAX00713288,X,66.991194
JAX00180312,X,66.996048
JAX00713290,X,67.017175
JAX00713295,X,67.027501
JAX00180316,X,67.053651
JAX00713298,X,67.054885
JAX00713301,X,67.079834
JAX00180318,X,67.087116
JAX00180319,X,67.087973
JAX00713306,X,67.112501
JAX00180321,X,67.112835
JAX00713308,X,67.118181
JAX00713309,X,67.119873
JAX00713314,X,67.167219
JAX00180327,X,67.206421
JAX00180329,X,67.211066
JAX00713321,X,67.215039
backupUNC200017097,X,67.228599
JAX00713326,X,67.228635
UNC30937681,X,67.247391
JAX00180331,X,67.250855
JAX00713329,X,67.263991
JAX00239297,X,67.289053
JAX00180334,X,67.304375
JAX00180335,X,67.305181
JAX00713330,X,67.305319
JAX00713333,X,67.341534
JAX00713334,X,67.348709
JAX00713335,X,67.350892
JAX00713337,X,67.363602
JAX00180343,X,67.413897
JAX00713340,X,67.417396
JAX00713348,X,67.464776
JAX00713349,X,67.464796
JAX00713350,X,67.485223
UNC30939431,X,67.497084
JAX00180352,X,67.536521
JAX00180353,X,67.536677
UNC30939735,X,67.55567
JAX00713353,X,67.582375
backupJAX00713355,X,67.590652
JAX00713357,X,67.590979
UNC30940286,X,67.613211
JAX00713359,X,67.618963
JAX00713388,X,67.628693
JAX00713363,X,67.629458
JAX00713364,X,67.632472
UNC30940542,X,67.641752
JAX00713366,X,67.642819
JAX00180369,X,67.664152
UNC30940628,X,67.709807
JAX00713379,X,67.722746
UNC30940781,X,67.727761
JAX00713382,X,67.733397
JAX00713383,X,67.802511
JAX00180372,X,67.813756
UNC30940986,X,67.814978
JAX00713386,X,67.818239
JAX00713387,X,67.818557
JAX00713389,X,67.826059
JAX00713390,X,67.828651
UNC30941179,X,67.840299
JAX00180374,X,67.854295
UNC30941283,X,67.862872
JAX00713394,X,67.869804
JAX00713395,X,67.870692
JAX00180376,X,67.89384
JAX00180377,X,67.893943
JAX00180378,X,67.894036
JAX00239307,X,67.897797
UNC30941537,X,67.900897
UNC30941617,X,67.920202
JAX00180379,X,67.934136
UNC30941922,X,67.95476
JAX00180384,X,67.966847
UNC30942189,X,67.983606
UNC30942313,X,68.00918
JAX00180385,X,68.014241
JAX00180387,X,68.014851
UNC30942652,X,68.045166
UNC30942825,X,68.063854
JAX00713409,X,68.065158
JAX00713410,X,68.066038
JAX00713412,X,68.071615
JAX00713413,X,68.073718
JAX00713414,X,68.073962
JAX00713415,X,68.082131
JAX00180391,X,68.083956
JAX00180392,X,68.084102
UNC200017368,X,68.095547
UNC30943134,X,68.096207
JAX00180393,X,68.09646
JAX00713417,X,68.110337
UNC30943294,X,68.126287
JAX00713419,X,68.139905
JAX00713421,X,68.143525
JAX00713422,X,68.147561
UNC30943517,X,68.152644
JAX00180397,X,68.16884
JAX00180398,X,68.169132
UNC30943705,X,68.176257
JAX00713429,X,68.190761
JAX00713430,X,68.203437
JAX00713431,X,68.20543
UNC30943983,X,68.210475
JAX00713436,X,68.221479
JAX00713438,X,68.26035
JAX00713439,X,68.260792
JAX00713443,X,68.277744
JAX00713449,X,68.285287
UNC30944566,X,68.285356
JAX00713451,X,68.313071
UNC30945019,X,68.351972
JAX00180412,X,68.371525
JAX00713460,X,68.38033
JAX00180418,X,68.439035
JAX00180419,X,68.439419
JAX00180420,X,68.441483
JAX00713467,X,68.441689
JAX00713468,X,68.442644
UNC30945826,X,68.444037
JAX00713471,X,68.452901
JAX00713474,X,68.456043
JAX00713478,X,68.506927
UNC30946488,X,68.519175
JAX00180424,X,68.531599
JAX00713481,X,68.531965
JAX00713483,X,68.560716
JAX00712438,X,68.578527
JAX00713489,X,68.583814
JAX00180432,X,68.621693
UNC30947358,X,68.633453
JAX00713498,X,68.666605
JAX00713500,X,68.667394
JAX00180441,X,68.732835
UNC200018029,X,68.736986
UNC30949179,X,68.817933
JAX00180445,X,68.819325
JAX00180446,X,68.819404
JAX00180448,X,68.853758
JAX00180449,X,68.853796
JAX00713522,X,68.856314
JAX00713525,X,68.858905
UNC30949806,X,68.875795
JAX00239319,X,68.906864
JAX00713534,X,68.912755
JAX00239320,X,68.94794
JAX00239321,X,68.94798
JAX00713536,X,68.948102
UNC30950453,X,68.964614
JAX00180458,X,68.969836
JAX00180460,X,69.006985
JAX00713539,X,69.017576
UNC30950903,X,69.028509
JAX00180464,X,69.054541
JAX00180465,X,69.054606
JAX00713548,X,69.077583
JAX00713549,X,69.078575
JAX00713550,X,69.088015
JAX00180466,X,69.091459
JAX00713551,X,69.092227
JAX00713552,X,69.097785
UNC30951697,X,69.120388
JAX00180472,X,69.171187
JAX00180473,X,69.174542
JAX00713561,X,69.184528
UNC30952155,X,69.187452
JAX00713566,X,69.190172
JAX00713567,X,69.191448
UNC200057582,X,69.228365
JAX00713573,X,69.236766
JAX00713574,X,69.238431
UNC30952702,X,69.252356
JAX00713575,X,69.256057
JAX00713576,X,69.257012
JAX00713578,X,69.257262
JAX00180483,X,69.294125
JAX00713579,X,69.304006
JAX00713581,X,69.313878
UNC30953314,X,69.336885
JAX00713584,X,69.338329
JAX00713585,X,69.339782
JAX00713588,X,69.362459
JAX00713590,X,69.365445
JAX00180488,X,69.367922
JAX00180489,X,69.377947
JAX00180490,X,69.414948
JAX00180491,X,69.415939
UNC30953788,X,69.416549
JAX00713592,X,69.41849
JAX00713596,X,69.439965
JAX00180495,X,69.453956
JAX00180497,X,69.49433
UNC30954508,X,69.516891
JAX00713604,X,69.532373
UNC30954777,X,69.560122
JAX00713610,X,69.565119
JAX00713612,X,69.565389
JAX00180503,X,69.571371
JAX00713617,X,69.618984
JAX00713619,X,69.629196
UNC30955632,X,69.659188
JAX00713622,X,69.671895
JAX00713623,X,69.676379
JAX00713624,X,69.678842
JAX00180511,X,69.688514
JAX00713625,X,69.691
JAX00713628,X,69.709614
JAX00713629,X,69.711918
UNC30956088,X,69.729475
JAX00180517,X,69.76279
JAX00713635,X,69.763143
UNC30956504,X,69.783204
JAX00180521,X,69.81162
JAX00713642,X,69.841041
JAX00713643,X,69.846461
JAX00180523,X,69.846532
UNC30956934,X,69.871553
JAX00713646,X,69.89396
JAX00713647,X,69.896155
JAX00180526,X,69.903086
JAX00180527,X,69.903363
JAX00180531,X,69.932621
JAX00180533,X,69.978746
JAX00180534,X,69.985933
JAX00180535,X,70.007096
JAX00180536,X,70.010162
JAX00713656,X,70.021719
JAX00713658,X,70.023567
JAX00713661,X,70.03305
JAX00713662,X,70.036197
JAX00713665,X,70.077213
JAX00180541,X,70.077599
JAX00713667,X,70.079965
UNC30958388,X,70.08138
JAX00713669,X,70.084868
JAX00713670,X,70.088011
JAX00713671,X,70.088092
JAX00180542,X,70.089379
JAX00180544,X,70.1432
UNC200503488,X,70.146567
UNC30959041,X,70.148758
JAX00180547,X,70.171018
JAX00180549,X,70.1767
JAX00713681,X,70.194527
JAX00713682,X,70.199375
JAX00713686,X,70.202409
JAX00713689,X,70.204583
JAX00713690,X,70.205054
JAX00713692,X,70.209318
JAX00713693,X,70.209452
JAX00713695,X,70.212483
UNC30959905,X,70.241417
JAX00180553,X,70.260742
UNC30960300,X,70.274645
UNC30960559,X,70.313232
JAX00180567,X,70.332254
UNC30960707,X,70.472419
JAX00180565,X,70.4767
JAX00713722,X,70.511058
UNC30960786,X,70.512163
UNC30960825,X,70.554357
JAX00713723,X,70.554511
JAX00713724,X,70.554766
JAX00713725,X,70.555164
JAX00713726,X,70.555361
JAX00713728,X,70.574566
JAX00713729,X,70.59026
UNC30961096,X,70.590764
JAX00180573,X,70.591777
UNC30961280,X,70.622229
JAX00180579,X,70.650902
JAX00713735,X,70.658758
backupUNC200099119,X,70.674232
UNC30961851,X,70.685088
UNC30962165,X,70.727805
JAX00713746,X,70.730137
JAX00180585,X,70.731849
UNC30962304,X,70.746477
JAX00713747,X,70.753015
JAX00180588,X,70.770537
JAX00713751,X,70.784302
JAX00713752,X,70.788191
JAX00713753,X,70.78823
UNC30962594,X,70.798757
JAX00180589,X,70.811261
JAX00713758,X,70.832457
JAX00713759,X,70.837633
UNC30962851,X,70.837903
JAX00713760,X,70.839471
JAX00180592,X,70.843489
JAX00180594,X,70.850685
JAX00713763,X,70.871867
JAX00713764,X,70.878698
UNC30963259,X,70.884478
JAX00180596,X,70.891365
JAX00713768,X,70.927841
JAX00713769,X,70.928029
JAX00713771,X,70.942117
UNC30963679,X,70.944634
JAX00713774,X,70.954108
JAX00180601,X,70.968957
UNC_rs8251020,X,70.969947
JAX00180602,X,70.980176
JAX00713776,X,70.985848
UNC30964026,X,70.986428
JAX00180604,X,71.011549
UNC30964296,X,71.02304
JAX00713786,X,71.030556
JAX00713790,X,71.053855
UNC30964571,X,71.062395
JAX00180610,X,71.090991
JAX00713792,X,71.096341
UNC30964860,X,71.09731
JAX00180613,X,71.121919
JAX00180614,X,71.133233
JAX00180615,X,71.134079
JAX00713799,X,71.138759
JAX00713800,X,71.142814
JAX00713802,X,71.146104
JAX00713803,X,71.163477
JAX00713808,X,71.192939
JAX00713809,X,71.2149
UNC30965671,X,71.215034
JAX00713811,X,71.221498
JAX00180621,X,71.232386
UNC30965963,X,71.244229
UNC30966154,X,71.284258
UNC30966454,X,71.33204
JAX00713815,X,71.337297
UNC200019054,X,71.35782
JAX00713818,X,71.368574
JAX00180632,X,71.371645
JAX00713821,X,71.389817
JAX00180634,X,71.417344
JAX00180636,X,71.422738
UNC30967137,X,71.431762
JAX00180638,X,71.452685
JAX00239355,X,71.460409
UNC30967380,X,71.467913
JAX00713828,X,71.487068
JAX00713830,X,71.487754
JAX00713834,X,71.502142
backupUNC200099374,X,71.511596
JAX00713835,X,71.516042
JAX00180644,X,71.526652
JAX00713843,X,71.539866
UNC30967864,X,71.548178
UNC30967984,X,71.568768
JAX00180647,X,71.577903
JAX00713847,X,71.582739
JAX00180649,X,71.616461
JAX00713849,X,71.617441
UNC30968290,X,71.618412
JAX00713852,X,71.618734
JAX00180654,X,71.655224
JAX00713857,X,71.667778
JAX00713858,X,71.667948
JAX00713861,X,71.67375
JAX00180655,X,71.684665
JAX00713862,X,71.69217
JAX00180656,X,71.693378
JAX00180657,X,71.702281
JAX00713864,X,71.702323
JAX00713866,X,71.732902
JAX00180661,X,71.753973
JAX00180662,X,71.772266
JAX00180664,X,71.811944
JAX00180665,X,71.815633
JAX00713871,X,71.81597
JAX00713872,X,71.817905
JAX00713873,X,71.820188
JAX00180677,X,72.012457
JAX00713890,X,72.031472
UNC200019393,X,72.089353
JAX00713901,X,72.218985
JAX00180692,X,72.2471
JAX00713905,X,72.269879
JAX00713909,X,72.281498
JAX00180696,X,72.290846
JAX00180697,X,72.290868
UNC200019442,X,72.335928
JAX00713916,X,72.375891
JAX00713919,X,72.377158
JAX00713920,X,72.377275
JAX00180706,X,72.411089
JAX00713923,X,72.418149
JAX00713925,X,72.419615
JAX00180708,X,72.456585
JAX00713928,X,72.509068
JAX00713929,X,72.516721
JAX00713933,X,72.51764
JAX00180713,X,72.533465
JAX00180715,X,72.539755
JAX00180716,X,72.584422
JAX00180718,X,72.61334
JAX00180720,X,72.613482
JAX00713937,X,72.623449
UNC200019483,X,72.6263
JAX00713938,X,72.627407
JAX00713939,X,72.630958
JAX00713944,X,72.656435
JAX00713947,X,72.661827
UNC30972648,X,72.66775
JAX00713948,X,72.676741
JAX00713953,X,72.734553
JAX00713954,X,72.73473
JAX00713958,X,72.749096
JAX00713964,X,72.853067
JAX00713966,X,72.924671
JAX00713968,X,72.942403
JAX00180740,X,72.947039
JAX00180742,X,72.956856
JAX00713972,X,72.971768
JAX00713975,X,73.020064
JAX00713976,X,73.021412
JAX00713977,X,73.028759
JAX00713980,X,73.034614
JAX00180749,X,73.044638
JAX00180750,X,73.050092
UNC30974899,X,73.05047
UNC200020256,X,73.070785
JAX00713989,X,73.094499
JAX00190620,X,73.10475
UNC30975368,X,73.112113
JAX00180754,X,73.113091
JAX00713998,X,73.160498
JAX00713999,X,73.1606
JAX00180758,X,73.173036
JAX00180759,X,73.173077
JAX00714002,X,73.174651
JAX00714010,X,73.216984
JAX00180761,X,73.226386
JAX00714013,X,73.261259
JAX00714014,X,73.261351
JAX00180766,X,73.29139
JAX00714016,X,73.296186
JAX00714017,X,73.299369
JAX00714020,X,73.33055
JAX00714021,X,73.337781
JAX00714022,X,73.346593
JAX00714025,X,73.369061
JAX00714027,X,73.371347
JAX00714030,X,73.372126
JAX00180772,X,73.373988
JAX00714032,X,73.374204
JAX00180773,X,73.375028
UNC30977554,X,73.407292
JAX00714037,X,73.423647
JAX00239373,X,73.438308
JAX00714044,X,73.444944
JAX00714048,X,73.456394
JAX00180784,X,73.533146
JAX00180785,X,73.53319
JAX00714057,X,73.536456
JAX00714059,X,73.560906
JAX00714061,X,73.572464
JAX00714062,X,73.574846
backupJAX00180788,X,73.575321
JAX00714065,X,73.576249
JAX00714069,X,73.601725
JAX00714071,X,73.603685
JAX00180798,X,73.783982
JAX00714074,X,73.784986
JAX00714075,X,73.785123
JAX00714078,X,73.78646
JAX00714080,X,73.787953
JAX00180800,X,73.829089
JAX00714087,X,73.82959
JAX00180802,X,73.847005
JAX00714088,X,73.857299
JAX00714090,X,73.86546
JAX00714091,X,73.866812
JAX00180804,X,73.867136
JAX00714092,X,73.86715
JAX00714093,X,73.876152
JAX00180805,X,73.890592
JAX00180807,X,73.896512
UNC30981577,X,73.925679
JAX00180808,X,73.930217
JAX00180809,X,73.936151
JAX00180810,X,73.93618
JAX00714103,X,73.992939
JAX00714104,X,73.993244
JAX00714105,X,73.993948
JAX00714106,X,73.994272
JAX00180814,X,73.994533
JAX00714107,X,73.99806
JAX00180816,X,73.999977
JAX00180817,X,74.051073
UNC30982425,X,74.068035
JAX00180821,X,74.110017
JAX00714115,X,74.116708
JAX00714116,X,74.116721
JAX00714123,X,74.16736
JAX00714125,X,74.186211
JAX00714126,X,74.187819
JAX00714127,X,74.187976
JAX00180828,X,74.188176
JAX00180830,X,74.204893
JAX00714129,X,74.204994
JAX00180831,X,74.210762
JAX00714133,X,74.231837
JAX00180834,X,74.24352
JAX00714139,X,74.311538
JAX00714141,X,74.326237
JAX00180838,X,74.331577
JAX00714144,X,74.334392
JAX00180841,X,74.364795
JAX00180842,X,74.369581
JAX00180844,X,74.393217
UNC30984480,X,74.400667
JAX00180847,X,74.43616
JAX00180849,X,74.452354
JAX00180850,X,74.480972
JAX00180851,X,74.48116
JAX00714158,X,74.481289
JAX00239384,X,74.494513
JAX00180853,X,74.570898
JAX00180854,X,74.571878
JAX00714164,X,74.605735
UNC30985713,X,74.639387
JAX00180860,X,74.651802
JAX00714170,X,74.655518
JAX00239386,X,74.691221
JAX00180862,X,74.691693
JAX00180864,X,74.692319
JAX00714175,X,74.695027
JAX00714177,X,74.696708
JAX00714178,X,74.696952
JAX00714179,X,74.697942
JAX00180869,X,74.754607
JAX00239390,X,74.75971
JAX00239391,X,74.761851
JAX00714185,X,74.766537
JAX00180872,X,74.816408
JAX00714189,X,74.819495
JAX00714190,X,74.829855
JAX00180874,X,74.852028
JAX00714194,X,74.852369
JAX00180876,X,74.8546
JAX00714196,X,74.859396
JAX00714199,X,74.875186
UNC30987049,X,74.886199
JAX00714204,X,74.899949
JAX00239394,X,74.914615
JAX00180882,X,74.940433
JAX00180884,X,74.969257
JAX00180887,X,75.011312
UNC30987826,X,75.016747
JAX00180888,X,75.028581
JAX00714218,X,75.031133
JAX00714222,X,75.089998
JAX00180892,X,75.091161
JAX00180897,X,75.134528
JAX00714235,X,75.1788
JAX00714236,X,75.206902
JAX00180902,X,75.212885
JAX00714237,X,75.214505
JAX00714241,X,75.279725
JAX00180908,X,75.29347
JAX00180914,X,75.371692
JAX00714248,X,75.38267
JAX00714249,X,75.384072
JAX00714250,X,75.384417
JAX00180916,X,75.425376
JAX00180917,X,75.425536
JAX00714261,X,75.530463
JAX00180921,X,75.530639
JAX00180922,X,75.530679
JAX00714263,X,75.530825
JAX00714265,X,75.547417
UNC200101442,X,75.557838
JAX00714268,X,75.565637
JAX00714269,X,75.566165
UNC30992857,X,75.608572
JAX00714272,X,75.633082
JAX00239397,X,75.667986
JAX00714277,X,75.688139
JAX00180934,X,75.692444
JAX00714280,X,75.697694
JAX00714281,X,75.719311
JAX00180936,X,75.726786
JAX00180938,X,75.727252
JAX00180940,X,75.775605
JAX00714290,X,75.8037
JAX00180943,X,75.809084
JAX00180944,X,75.809493
JAX00180947,X,75.843152
JAX00714296,X,75.869937
JAX00180950,X,75.904021
JAX00714299,X,75.90729
JAX00714300,X,75.925159
JAX00180951,X,75.932886
JAX00714304,X,75.946396
JAX00714306,X,75.948601
JAX00714308,X,75.982903
JAX00180958,X,76.005232
JAX00714309,X,76.043852
JAX00180960,X,76.049894
JAX00180961,X,76.049906
JAX00714313,X,76.050131
JAX00714314,X,76.073265
JAX00714315,X,76.073444
JAX00180963,X,76.100761
JAX00714318,X,76.110433
JAX00714320,X,76.158506
JAX00180970,X,76.174628
JAX00714322,X,76.203333
JAX00180972,X,76.207917
JAX00180973,X,76.207977
JAX00180977,X,76.270521
JAX00180978,X,76.294492
JAX00180979,X,76.294514
JAX00180981,X,76.33409
JAX00180982,X,76.336411
JAX00714331,X,76.364425
JAX00180985,X,76.378858
UNC200214807,X,76.399406
JAX00180989,X,76.411046
JAX00714333,X,76.434529
JAX00239407,X,76.443909
JAX00180990,X,76.455037
JAX00714335,X,76.459579
JAX00714340,X,76.483692
JAX00180996,X,76.512653
JAX00180998,X,76.541125
JAX00714343,X,76.548593
JAX00714345,X,76.555354
JAX00180999,X,76.563453
JAX00181000,X,76.564696
JAX00181001,X,76.565537
UNC30998830,X,76.580344
JAX00714349,X,76.592612
JAX00181003,X,76.603821
JAX00714353,X,76.622251
JAX00181006,X,76.642086
JAX00181007,X,76.665848
JAX00181008,X,76.69137
JAX00181009,X,76.6914
UNC200101643,X,76.703926
JAX00714364,X,76.720173
JAX00181011,X,76.73073
JAX00181013,X,76.73134
JAX00714367,X,76.736096
JAX00714368,X,76.754883
JAX00714369,X,76.755065
JAX00714370,X,76.757751
JAX00181014,X,76.761395
JAX00181015,X,76.762998
JAX00714372,X,76.791035
UNC31000006,X,76.806693
JAX00714377,X,76.880748
JAX00714383,X,76.912004
JAX00714384,X,76.956435
JAX00714386,X,76.971036
JAX00714389,X,76.994823
JAX00714392,X,77.027718
UNC31001485,X,77.075643
JAX00181038,X,77.091604
backupJAX00181040,X,77.098367
JAX00181042,X,77.122646
JAX00714398,X,77.178754
JAX00714399,X,77.183393
JAX00714400,X,77.183457
JAX00714402,X,77.186469
JAX00714403,X,77.204301
JAX00714406,X,77.242253
JAX00714407,X,77.242311
UNC31002611,X,77.270598
JAX00181054,X,77.301271
JAX00181056,X,77.325272
JAX00714416,X,77.381751
JAX00714417,X,77.381901
JAX00714418,X,77.405501
JAX00714423,X,77.415876
JAX00181065,X,77.452555
JAX00181066,X,77.452641
JAX00181067,X,77.452755
JAX00714430,X,77.48498
JAX00181069,X,77.486626
JAX00181070,X,77.491624
JAX00181071,X,77.515536
JAX00181075,X,77.586228
JAX00714434,X,77.589647
JAX00181076,X,77.600296
JAX00714439,X,77.66588
JAX00239422,X,77.680514
JAX00181082,X,77.688213
JAX00181085,X,77.724451
JAX00181086,X,77.728136
JAX00714446,X,77.728177
JAX00714452,X,77.781892
JAX00714455,X,77.87109
JAX00714460,X,77.882883
JAX00714462,X,77.897307
JAX00714463,X,77.897501
JAX00714464,X,77.910614
JAX00714465,X,77.910822
JAX00714466,X,77.922254
JAX00181102,X,77.937179
JAX00714471,X,77.96245
JAX00714475,X,77.969227
JAX00181105,X,77.974533
UNC31008016,X,77.992277
JAX00181107,X,78.023844
JAX00181108,X,78.024634
JAX00181109,X,78.05242
JAX00181110,X,78.05267
JAX00714481,X,78.057901
JAX00181112,X,78.095004
JAX00181113,X,78.095025
JAX00181117,X,78.142586
JAX00181118,X,78.167063
JAX00714498,X,78.310332
JAX00714499,X,78.33676
JAX00714504,X,78.349658
JAX00181132,X,78.350537
JAX00714506,X,78.36704
JAX00714508,X,78.403337
JAX00714509,X,78.404196
JAX00181136,X,78.404667
JAX00181137,X,78.404685
JAX00714514,X,78.531214
JAX00181146,X,78.531231
JAX00714515,X,78.532317
JAX00714519,X,78.543386
JAX00714521,X,78.566692
JAX00714522,X,78.568641
JAX00714523,X,78.611855
JAX00181152,X,78.611877
JAX00714524,X,78.612294
JAX00714527,X,78.665604
JAX00714528,X,78.668758
JAX00239434,X,78.672927
JAX00714529,X,78.674559
JAX00714530,X,78.675289
JAX00181158,X,78.706832
JAX00714533,X,78.711383
JAX00714534,X,78.711861
JAX00181160,X,78.726153
JAX00714538,X,78.726235
JAX00714541,X,78.743932
UNC31014372,X,78.782525
JAX00181166,X,78.803636
JAX00181167,X,78.829412
JAX00181170,X,78.853029
JAX00181175,X,78.942411
JAX00181178,X,78.962341
JAX00714555,X,78.98164
JAX00714558,X,79.022006
JAX00181184,X,79.051357
JAX00181186,X,79.063484
JAX00181188,X,79.100084
JAX00714569,X,79.130569
JAX00181192,X,79.131261
backupUNC200105073,X,79.131724
JAX00714570,X,79.162007
JAX00181193,X,79.17067
JAX00181194,X,79.171284
JAX00714578,X,79.234714
JAX00181199,X,79.239351
JAX00714582,X,79.298141
JAX00714586,X,79.306123
JAX00714588,X,79.320879
JAX00714589,X,79.325108
JAX00239439,X,79.364066
JAX00714591,X,79.397971
JAX00181211,X,79.417515
JAX00181212,X,79.424146
JAX00181213,X,79.427416
JAX00181213_b,X,79.42745
JAX00181214,X,79.446179
JAX00181215,X,79.446294
JAX00714602,X,79.446425
JAX00181217,X,79.487569
JAX00181219,X,79.493696
JAX00714609,X,79.521817
JAX00181222,X,79.546227
JAX00181223,X,79.552873
JAX00714615,X,79.560264
JAX00239442,X,79.565242
JAX00714620,X,79.616792
JAX00714621,X,79.649341
JAX00714624,X,79.655477
JAX00714629,X,79.688526
JAX00714630,X,79.709447
JAX00181234,X,79.709934
JAX00181235,X,79.7207
JAX00181236,X,79.735547
backupUNC200105516,X,79.768877
JAX00714637,X,79.792676
JAX00181241,X,79.808631
JAX00181243,X,79.810622
JAX00181246,X,79.856852
JAX00714645,X,79.88931
JAX00181251,X,79.933156
UNC200023244,X,79.941964
JAX00181253,X,79.962339
JAX00714651,X,79.963431
JAX00714652,X,79.964723
JAX00714654,X,79.965392
UNC31022733,X,79.972223
JAX00714655,X,79.99932
JAX00181256,X,80.00129
JAX00714658,X,80.04413
JAX00714662,X,80.070177
JAX00181261,X,80.070551
JAX00181263,X,80.102292
JAX00714667,X,80.117878
JAX00714668,X,80.120147
JAX00181266,X,80.122651
JAX00181267,X,80.129024
JAX00714670,X,80.161976
JAX00181269,X,80.162521
JAX00181270,X,80.163218
JAX00714674,X,80.201286
JAX00714675,X,80.201594
JAX00239452,X,80.224757
JAX00181273,X,80.231291
JAX00714679,X,80.245408
JAX00181275,X,80.245421
UNC31024458,X,80.245647
JAX00714683,X,80.272858
JAX00714686,X,80.300163
JAX00239456,X,80.327821
JAX00181281,X,80.337343
JAX00714689,X,80.341902
JAX00181282,X,80.346157
JAX00714691,X,80.350564
JAX00714692,X,80.35484
JAX00181283,X,80.366025
UNC31025726,X,80.396701
JAX00714695,X,80.397048
JAX00181289,X,80.451369
JAX00181291,X,80.451479
JAX00714702,X,80.498326
JAX00714703,X,80.513069
JAX00714706,X,80.547678
JAX00239463,X,80.630401
JAX00714716,X,80.645091
JAX00181304,X,80.647314
JAX00181305,X,80.650771
JAX00181306,X,80.650858
JAX00714717,X,80.650965
JAX00714724,X,80.693653
JAX00714725,X,80.69405
UNC31028467,X,80.70499
UNC200106183,X,80.739727
JAX00181314,X,80.772322
JAX00714733,X,80.800866
JAX00181316,X,80.808635
JAX00181318,X,80.814585
JAX00714735,X,80.824256
JAX00181321,X,80.85352
UNC31029569,X,80.856359
JAX00714738,X,80.865901
JAX00714739,X,80.876823
JAX00714741,X,80.88926
JAX00714747,X,80.899042
JAX00181326,X,80.936592
JAX00181328,X,80.96678
JAX00181329,X,80.97047
JAX00714750,X,80.987232
JAX00714751,X,80.990765
JAX00714756,X,81.063422
JAX00714758,X,81.072709
JAX00714765,X,81.125746
JAX00714769,X,81.164061
JAX00181343,X,81.168793
UNC31031895,X,81.203304
JAX00714770,X,81.215024
UNC200106288,X,81.228589
JAX00714773,X,81.248375
JAX00181349,X,81.248596
JAX00714774,X,81.255152
JAX00714777,X,81.275807
JAX00714779,X,81.285198
JAX00181354,X,81.295823
JAX00239476,X,81.312906
JAX00181357,X,81.342162
JAX00714787,X,81.364247
JAX00714790,X,81.372774
JAX00181362,X,81.419485
UNC31034121,X,81.430868
JAX00714794,X,81.435688
JAX00724962,X,81.438805
JAX00714797,X,81.44471
JAX00714798,X,81.447267
JAX00714799,X,81.462388
JAX00181367,X,81.485465
JAX00181369,X,81.489596
JAX00181373,X,81.571801
JAX00181376,X,81.603603
JAX00181378,X,81.613098
UNC31035844,X,81.678705
JAX00239480,X,81.679403
JAX00714817,X,81.692647
JAX00714818,X,81.69792
JAX00714820,X,81.703205
JAX00181386,X,81.733912
JAX00181387,X,81.734241
JAX00714828,X,81.764662
JAX00181389,X,81.773186
JAX00181390,X,81.77322
JAX00181391,X,81.803008
JAX00181392,X,81.803082
JAX00181393,X,81.803249
JAX00181395,X,81.847119
JAX00714835,X,81.879689
JAX00714836,X,81.881023
JAX00181397,X,81.894268
JAX00181398,X,81.894295
UNC31037362,X,81.918248
JAX00714841,X,81.919567
JAX00714843,X,81.935459
JAX00239484,X,81.941689
JAX00239486,X,81.941818
JAX00181405,X,81.989082
JAX00714851,X,81.993759
JAX00714853,X,82.001609
JAX00714854,X,82.022681
JAX00714855,X,82.022752
JAX00181413,X,82.090738
JAX00714860,X,82.128171
UNC31038752,X,82.133393
UNC200023468,X,82.145564
JAX00181418,X,82.170034
JAX00714863,X,82.170106
JAX00714864,X,82.182629
JAX00181419,X,82.189155
UNC200557231,X,82.200692
JAX00239487,X,82.205336
JAX00714871,X,82.21641
JAX00181425,X,82.248099
JAX00714874,X,82.281275
JAX00714876,X,82.299112
JAX00714877,X,82.299813
JAX00714879,X,82.317112
UNC31040242,X,82.322155
JAX00181431,X,82.329749
JAX00181433,X,82.365926
JAX00714887,X,82.368178
JAX00714890,X,82.370237
JAX00714891,X,82.370343
JAX00714893,X,82.38088
JAX00181440,X,82.451589
JAX00181441,X,82.451765
JAX00714897,X,82.458513
JAX00714898,X,82.481827
JAX00714899,X,82.482453
JAX00714903,X,82.487793
JAX00181443,X,82.490526
JAX00714904,X,82.502115
JAX00714905,X,82.51492
JAX00714908,X,82.531545
JAX00181452,X,82.620373
JAX00181453,X,82.620399
UNC31042920,X,82.633543
JAX00181454,X,82.648204
JAX00181457,X,82.687518
JAX00181459,X,82.688674
JAX00714926,X,82.689341
JAX00714927,X,82.691818
JAX00714930,X,82.723646
JAX00181460,X,82.742508
JAX00181463,X,82.757861
JAX00714936,X,82.782363
JAX00181465,X,82.78583
JAX00714940,X,82.799429
UNC31044488,X,82.809915
JAX00714943,X,82.828901
JAX00714944,X,82.829239
JAX00714947,X,82.842912
JAX00181469,X,82.84864
JAX00239495,X,82.848749
JAX00714948,X,82.848844
JAX00181471,X,82.848882
JAX00714951,X,82.871972
JAX00181473,X,82.893167
JAX00714962,X,82.961733
JAX00181479,X,82.973437
JAX00714966,X,82.98756
JAX00714970,X,82.997547
JAX00714972,X,83.026974
JAX00181482,X,83.029131
JAX00181485,X,83.067592
JAX00181486,X,83.067711
JAX00714977,X,83.083523
JAX00181489,X,83.097351
JAX00239500,X,83.119855
JAX00181490,X,83.129332
UNC200024642,X,83.129382
JAX00714980,X,83.132137
JAX00181491,X,83.134269
JAX00714983,X,83.134997
JAX00181492,X,83.151125
JAX00181495,X,83.158556
JAX00714985,X,83.182369
JAX00714990,X,83.217283
JAX00181501,X,83.256264
JAX00239504,X,83.286166
JAX00181502,X,83.290868
JAX00181504,X,83.291183
JAX00714996,X,83.297528
JAX00714997,X,83.297565
JAX00714999,X,83.305077
JAX00715000,X,83.306203
JAX00181505,X,83.316724
JAX00181507,X,83.336274
JAX00181509,X,83.377029
JAX00715002,X,83.399241
JAX00715005,X,83.408397
JAX00239509,X,83.411579
UNC200564474,X,83.424544
JAX00715006,X,83.427355
JAX00715009,X,83.432094
JAX00715012,X,83.444957
JAX00715018,X,83.453292
JAX00239511,X,83.453626
JAX00181518,X,83.47954
JAX00715020,X,83.534916
JAX00715022,X,83.568757
JAX00715023,X,83.57546
JAX00715025,X,83.577202
JAX00181524,X,83.586432
JAX00715027,X,83.586518
JAX00715028,X,83.592608
JAX00715030,X,83.617498
JAX00715032,X,83.620518
JAX00715036,X,83.646227
JAX00715037,X,83.646735
JAX00715039,X,83.65182
JAX00715041,X,83.662821
JAX00715042,X,83.664459
JAX00181531,X,83.672926
JAX00181533,X,83.711805
JAX00715047,X,83.711929
JAX00715049,X,83.717512
JAX00181535,X,83.748986
JAX00181536,X,83.749025
JAX00181539,X,83.773592
JAX00181542,X,83.814036
JAX00715059,X,83.838409
JAX00715061,X,83.841624
JAX00181543,X,83.848143
JAX00181545,X,83.851296
JAX00181547,X,83.894448
JAX00715070,X,83.907016
JAX00715072,X,83.932586
JAX00181554,X,83.969814
JAX00715077,X,83.992836
JAX00181555,X,83.998176
JAX00715082,X,84.006632
JAX00715083,X,84.006915
JAX00181557,X,84.015586
JAX00181560,X,84.051945
backupUNC200026178,X,84.077181
JAX00715089,X,84.089889
UNC31056619,X,84.100707
JAX00715090,X,84.116298
JAX00715092,X,84.120103
JAX00715093,X,84.123363
JAX00181564,X,84.132694
JAX00181565,X,84.132762
JAX00181566,X,84.132877
JAX00715096,X,84.146987
JAX00181568,X,84.172313
JAX00715102,X,84.222705
JAX00715105,X,84.227019
JAX00181573,X,84.244322
UNC31057902,X,84.246802
JAX00181576,X,84.291524
JAX00715113,X,84.292021
JAX00181580,X,84.322846
JAX00181584,X,84.371973
JAX00239527,X,84.37219
JAX00715124,X,84.383286
JAX00715127,X,84.412196
JAX00181586,X,84.413322
JAX00181591,X,84.491761
JAX00715140,X,84.52403
JAX00181595,X,84.534201
JAX00715143,X,84.540716
JAX00715146,X,84.543711
JAX00715150,X,84.557876
JAX00181599,X,84.569806
backupUNC200883125,X,84.572902
UNC31060536,X,84.573132
JAX00715152,X,84.591316
JAX00181600,X,84.607367
JAX00181602,X,84.620089
JAX00715157,X,84.667756
JAX00715158,X,84.668779
JAX00715160,X,84.670005
JAX00715161,X,84.670949
JAX00715162,X,84.671376
JAX00715164,X,84.671485
JAX00715165,X,84.678924
JAX00181606,X,84.697042
JAX00239537,X,84.697665
JAX00181608,X,84.704635
JAX00181610,X,84.748679
JAX00181611,X,84.749461
JAX00181612,X,84.752895
JAX00715170,X,84.758071
JAX00715171,X,84.758182
UNC200571580,X,84.764176
JAX00715175,X,84.765786
JAX00181614,X,84.767633
JAX00181615,X,84.825622
JAX00715179,X,84.828884
JAX00239539,X,84.841856
JAX00181618,X,84.845645
JAX00715181,X,84.850844
JAX00715182,X,84.85087
JAX00715188,X,84.93755
JAX00181627,X,84.961096
JAX00181630,X,85.011552
JAX00181632,X,85.02603
JAX00715197,X,85.037966
JAX00181634,X,85.060238
JAX00715199,X,85.072432
JAX00181636,X,85.083223
JAX00181638,X,85.103047
JAX00715204,X,85.133444
JAX00181644,X,85.166707
JAX00715211,X,85.193547
JAX00715213,X,85.194951
JAX00715214,X,85.195686
JAX00181645,X,85.21807
JAX00715216,X,85.221547
JAX00715217,X,85.225358
JAX00181649,X,85.256769
JAX00181653,X,85.291703
JAX00715223,X,85.298081
JAX00715225,X,85.30405
JAX00715226,X,85.317065
JAX00715228,X,85.317561
JAX00715229,X,85.325225
JAX00715231,X,85.352959
JAX00715232,X,85.355981
JAX00715233,X,85.358173
JAX00715234,X,85.358657
JAX00181657,X,85.366918
UNC31066682,X,85.376039
JAX00715236,X,85.41512
JAX00715237,X,85.417208
JAX00239552,X,85.456661
JAX00181665,X,85.469994
JAX00715245,X,85.488422
JAX00715249,X,85.547545
JAX00715251,X,85.547801
JAX00715252,X,85.547903
JAX00715256,X,85.599562
JAX00181677,X,85.614639
JAX00181680,X,85.656191
JAX00715261,X,85.664018
JAX00715264,X,85.667808
JAX00715271,X,85.71288
JAX00181686,X,85.721045
JAX00181687,X,85.771359
JAX00715274,X,85.787664
JAX00715279,X,85.856241
JAX00715281,X,85.85796
JAX00715283,X,85.872874
JAX00715288,X,85.886259
JAX00181702,X,85.974465
JAX00181703,X,85.974477
UNC200883696,X,85.999163
JAX00181705,X,86.001174
JAX00181707,X,86.005996
JAX00181708,X,86.048694
JAX00181709,X,86.052276
JAX00181710,X,86.052373
JAX00181712,X,86.095604
JAX00181713,X,86.111942
JAX00715302,X,86.115964
JAX00715303,X,86.116001
JAX00715304,X,86.163125
JAX00181719,X,86.171566
JAX00715305,X,86.183646
JAX00715306,X,86.183908
JAX00715308,X,86.18577
JAX00181721,X,86.210056
JAX00181722,X,86.210083
JAX00181727,X,86.292626
JAX00715317,X,86.298096
JAX00181730,X,86.331913
JAX00715322,X,86.33504
UNC31073060,X,86.337585
JAX00181732,X,86.372676
JAX00181734,X,86.374693
JAX00715324,X,86.375056
JAX00715325,X,86.377105
JAX00181735,X,86.420925
JAX00715329,X,86.43938
JAX00181739,X,86.461371
JAX00181740,X,86.461469
UNC31074330,X,86.47981
JAX00715334,X,86.50356
JAX00181744,X,86.528577
JAX00181746,X,86.52975
JAX00715339,X,86.55475
JAX00715341,X,86.577014
JAX00239567,X,86.577856
JAX00715343,X,86.592417
JAX00715345,X,86.593494
JAX00715347,X,86.596021
JAX00715348,X,86.596304
JAX00715350,X,86.601257
JAX00181752,X,86.617357
JAX00181755,X,86.651732
JAX00715357,X,86.662979
JAX00181758,X,86.691711
JAX00715359,X,86.711023
JAX00181765,X,86.803519
JAX00715369,X,86.834016
JAX00239572,X,86.838868
UNC200581861,X,86.839793
JAX00715372,X,86.86635
JAX00715375,X,86.871947
JAX00181771,X,86.89621
JAX00181772,X,86.901434
JAX00181775,X,86.932118
JAX00715377,X,86.935485
JAX00715379,X,86.958791
JAX00715382,X,86.996578
JAX00181779,X,86.99701
JAX00715385,X,87.049393
JAX00715389,X,87.052067
JAX00181784,X,87.052692
JAX00715390,X,87.118303
JAX00181790,X,87.137641
JAX00715395,X,87.145918
JAX00715396,X,87.155917
JAX00181793,X,87.173301
backupUNC200583887,X,87.216209
JAX00715400,X,87.216761
UNC31079732,X,87.248
JAX00181798,X,87.252965
JAX00181801,X,87.284647
JAX00181802,X,87.302127
JAX00715406,X,87.303333
JAX00715412,X,87.313686
JAX00181803,X,87.332254
JAX00715417,X,87.347754
JAX00715418,X,87.348477
JAX00715419,X,87.354489
JAX00181810,X,87.422129
JAX00715422,X,87.439247
JAX00181812,X,87.456442
JAX00715423,X,87.475013
JAX00715426,X,87.477642
JAX00715428,X,87.478099
JAX00715429,X,87.478608
JAX00715433,X,87.479431
JAX00715434,X,87.479474
JAX00181820,X,87.538892
JAX00181824,X,87.596844
JAX00181827,X,87.658902
JAX00181829,X,87.661311
JAX00715445,X,87.682213
JAX00181830,X,87.691593
JAX00181831,X,87.691643
JAX00715448,X,87.693433
JAX00715451,X,87.723826
JAX00715454,X,87.754551
backupUNC200586059,X,87.759066
JAX00715463,X,87.867648
JAX00715464,X,87.868682
JAX00715465,X,87.868919
JAX00181845,X,87.888576
JAX00715466,X,87.924045
JAX00181850,X,87.942335
JAX00181852,X,87.975055
JAX00715468,X,87.992101
JAX00181854,X,88.014091
JAX00181856,X,88.015365
JAX00715471,X,88.015416
JAX00715472,X,88.019821
JAX00181857,X,88.050806
JAX00181858,X,88.050844
JAX00181859,X,88.050882
JAX00715485,X,88.159092
JAX00715487,X,88.160527
JAX00715488,X,88.163986
JAX00181866,X,88.173321
JAX00715492,X,88.203277
UNC31085849,X,88.242874
JAX00181871,X,88.248673
JAX00181873,X,88.248883
JAX00715497,X,88.275198
JAX00715502,X,88.288757
JAX00715503,X,88.289438
JAX00181878,X,88.335721
JAX00715509,X,88.397753
JAX00715512,X,88.400933
JAX00715516,X,88.428396
JAX00181887,X,88.434662
JAX00715520,X,88.489334
UNC200589451,X,88.490476
JAX00715536,X,88.514366
JAX00181895,X,88.57534
JAX00715546,X,88.590268
JAX00181898,X,88.611909
JAX00181899,X,88.612059
JAX00181900,X,88.614968
JAX00715548,X,88.621117
JAX00715554,X,88.645261
UNC31088309,X,88.686882
JAX00715555,X,88.724157
JAX00715556,X,88.733803
UNC200590475,X,88.742769
JAX00715558,X,88.751257
JAX00239597,X,88.756954
JAX00715559,X,88.763177
JAX00181909,X,88.763609
JAX00181910,X,88.763735
JAX00715581,X,88.864126
JAX00715588,X,88.9231
JAX00715589,X,88.923624
JAX00181921,X,88.957706
JAX00181923,X,88.957991
JAX00181926,X,89.052063
JAX00181927,X,89.052316
JAX00181929,X,89.079398
JAX00715603,X,89.128212
JAX00181932,X,89.130122
JAX00181933,X,89.134457
JAX00715617,X,89.287327
JAX00715619,X,89.307949
JAX00715620,X,89.30821
JAX00181946,X,89.325936
backupJAX00715624,X,89.32656
JAX00181950,X,89.373005
JAX00715627,X,89.373092
JAX00181951,X,89.373136
JAX00715628,X,89.384699
JAX00715629,X,89.384956
UNC200593068,X,89.402972
JAX00715632,X,89.424157
JAX00715634,X,89.442957
JAX00715641,X,89.505593
JAX00715644,X,89.553491
JAX00715651,X,89.59533
JAX00239604,X,89.59563
JAX00181968,X,89.609336
JAX00715654,X,89.658207
JAX00715656,X,89.658703
JAX00181976,X,89.730219
JAX00181977,X,89.731708
JAX00715662,X,89.747671
JAX00715663,X,89.747705
JAX00715664,X,89.747797
UNC31092817,X,89.780141
JAX00181982,X,89.804266
JAX00715668,X,89.804359
JAX00181983,X,89.804644
JAX00715670,X,89.828022
JAX00715672,X,89.836219
JAX00181987,X,89.84255
JAX00181989,X,89.891021
JAX00181990,X,89.895888
JAX00715679,X,89.89978
JAX00181993,X,89.942343
UNC31094010,X,89.944736
JAX00715681,X,89.945199
JAX00715682,X,89.945348
JAX00181995,X,89.980633
JAX00715684,X,89.980819
JAX00715685,X,89.987401
JAX00715688,X,90.037171
JAX00715695,X,90.083696
JAX00715697,X,90.090707
JAX00182005,X,90.104236
JAX00182008,X,90.129534
JAX00182009,X,90.188312
JAX00182010,X,90.18843
JAX00715706,X,90.241149
JAX00715710,X,90.266314
JAX00715712,X,90.266368
JAX00715713,X,90.28923
JAX00182024,X,90.371622
JAX00182025,X,90.371688
JAX00715721,X,90.376132
JAX00715722,X,90.403115
JAX00715724,X,90.430434
JAX00715727,X,90.469817
JAX00715730,X,90.472456
JAX00182033,X,90.494666
JAX00182036,X,90.5238
JAX00724968,X,90.551232
JAX00715734,X,90.551728
JAX00182039,X,90.574199
JAX00182041,X,90.581757
JAX00715737,X,90.607097
JAX00182044,X,90.613016
JAX00715741,X,90.61716
UNC31097694,X,90.633612
JAX00182045,X,90.640869
JAX00715746,X,90.669289
JAX00724970,X,90.709366
JAX00715752,X,90.728054
JAX00182052,X,90.731509
JAX00182053,X,90.732284
JAX00715753,X,90.733664
JAX00182054,X,90.773597
JAX00715762,X,90.804424
JAX00715765,X,90.823143
JAX00715766,X,90.823165
JAX00715768,X,90.842785
JAX00182060,X,90.850625
UNC31099284,X,90.851867
JAX00715771,X,90.870113
JAX00182063,X,90.88682
JAX00715772,X,90.906834
JAX00715775,X,90.942601
JAX00715776,X,90.944356
JAX00182068,X,90.945246
JAX00715777,X,90.965493
JAX00715779,X,90.973743
JAX00182071,X,90.979762
JAX00715788,X,90.984894
JAX00715789,X,90.991314
JAX00182073,X,90.999849
JAX00182074,X,91.004182
JAX00715792,X,91.008595
JAX00182075,X,91.040668
UNC31100807,X,91.050163
JAX00182077,X,91.060499
JAX00715803,X,91.063424
JAX00715805,X,91.069463
JAX00182078,X,91.076727
UNC31101177,X,91.092031
JAX00182079,X,91.092434
JAX00182080,X,91.109612
JAX00715812,X,91.135418
JAX00715816,X,91.136397
JAX00182081,X,91.147359
JAX00182082,X,91.148334
JAX00715819,X,91.149083
JAX00715820,X,91.150787
JAX00715821,X,91.163619
JAX00182085,X,91.173358
JAX00715824,X,91.200814
JAX00715830,X,91.245621
JAX00182091,X,91.250371
JAX00182094,X,91.2945
JAX00715836,X,91.306059
JAX00715838,X,91.311282
JAX00715845,X,91.320649
JAX00182096,X,91.333166
JAX00182097,X,91.333304
JAX00182098,X,91.339323
JAX00182100,X,91.364021
JAX00182101,X,91.364709
UNC31103451,X,91.387568
JAX00182103,X,91.408362
JAX00715850,X,91.438224
JAX00182107,X,91.450008
UNC31104003,X,91.482064
JAX00715855,X,91.501369
JAX00182111,X,91.528328
JAX00182112,X,91.53262
JAX00715858,X,91.537156
JAX00715861,X,91.558513
JAX00715864,X,91.586996
UNC31104930,X,91.622668
JAX00715868,X,91.623748
JAX00182119,X,91.62385
JAX00715871,X,91.659626
JAX00715873,X,91.667309
JAX00715876,X,91.685548
JAX00182123,X,91.689148
JAX00239625,X,91.739516
UNC200107854,X,91.749873
JAX00182129,X,91.775087
JAX00715880,X,91.778311
JAX00182131,X,91.781474
JAX00715885,X,91.802999
JAX00715886,X,91.803192
JAX00715887,X,91.806642
UNC31106439,X,91.8191
JAX00715889,X,91.830253
JAX00182136,X,91.867243
JAX00182137,X,91.868857
JAX00715891,X,91.881963
JAX00715893,X,91.884808
JAX00715898,X,91.895327
JAX00715899,X,91.895347
JAX00715901,X,91.903221
JAX00715903,X,91.920471
UNC31107180,X,91.920745
JAX00182145,X,91.990348
JAX00715906,X,91.993566
JAX00715907,X,92.004466
JAX00182147,X,92.004908
JAX00715909,X,92.019186
JAX00715910,X,92.019202
JAX00715911,X,92.019753
JAX00182149,X,92.03305
JAX00182151,X,92.049345
JAX00715919,X,92.103954
UNC31107638,X,92.108217
JAX00182156,X,92.187457
JAX00182157,X,92.187805
UNC31107872,X,92.190626
JAX00715921,X,92.201164
JAX00182160,X,92.219773
UNC31108060,X,92.222399
JAX00715925,X,92.223878
UNC31108073,X,92.226169
UNC31108113,X,92.232483
UNC31108133,X,92.237
UNC31108147,X,92.240391
UNC31108174,X,92.24479
JAX00715926,X,92.245314
UNC31108187,X,92.247842
UNC31108208,X,92.252325
UNC31108219,X,92.256284
UNC31108243,X,92.2598
JAX00182163,X,92.26152
JAX00715928,X,92.26292
JAX00715929,X,92.265002
UNC31108297,X,92.26746
UNC31108311,X,92.27115
UNC31108323,X,92.274773
UNC31108334,X,92.27891
UNC31108343,X,92.28168
UNC31108363,X,92.2878
UNC31108371,X,92.290034
UNC31108402,X,92.295372
UNC31108408,X,92.296893
JAX00715934,X,92.304388
JAX00715935,X,92.304647
JAX00239627,X,92.316363
UNC31108560,X,92.319923
JAX00182167,X,92.327223
UNC31108834,X,92.367738
UNC31108986,X,92.393618
UNC31109221,X,92.422934
JAX00182176,X,92.450054
JAX00715944,X,92.450607
JAX00182178,X,92.45601
JAX00182179,X,92.492278
UNC31109663,X,92.492869
JAX00715949,X,92.495717
UNC31109937,X,92.526353
JAX00182187,X,92.579241
JAX00182190,X,92.616543
JAX00715956,X,92.628423
JAX00715957,X,92.634344
JAX00715958,X,92.635367
JAX00182192,X,92.64069
JAX00182193,X,92.64101
JAX00715963,X,92.6665
JAX00715966,X,92.669646
JAX00182194,X,92.690892
JAX00715968,X,92.705088
UNC31110948,X,92.707761
UNC31111216,X,92.747508
UNC31111300,X,92.770639
JAX00182201,X,92.771784
JAX00715972,X,92.775407
JAX00715973,X,92.775543
JAX00715976,X,92.79596
JAX00182204,X,92.826061
JAX00715979,X,92.836654
UNC31112286,X,92.879348
JAX00715985,X,92.901854
JAX00182214,X,92.933806
JAX00715989,X,92.946713
JAX00182215,X,92.972429
UNC31112715,X,92.977216
JAX00182218,X,92.99903
UNC31113100,X,93.04985
JAX00715998,X,93.085507
JAX00715999,X,93.095819
UNC31113437,X,93.098708
JAX00716003,X,93.124726
JAX00716004,X,93.12815
UNC31113771,X,93.154483
JAX00716009,X,93.179207
JAX00716011,X,93.188502
JAX00182232,X,93.204187
backupUNC200609379,X,93.20748
JAX00239639,X,93.22145
UNC31114284,X,93.223871
JAX00182240,X,93.29935
JAX00716024,X,93.31611
JAX00716025,X,93.316132
JAX00716026,X,93.31712
JAX00716027,X,93.320584
JAX00716029,X,93.325772
JAX00724986,X,93.345065
JAX00724988,X,93.345179
JAX00724989,X,93.345533
JAX00716032,X,93.347053
JAX00182244,X,93.377275
JAX00716036,X,93.391366
JAX00716039,X,93.401979
JAX00716041,X,93.465014
JAX00182253,X,93.486259
UNC31115957,X,93.493767
JAX00182254,X,93.501466
JAX00182255,X,93.501488
UNC200108569,X,93.508539
JAX00716044,X,93.515174
JAX00716049,X,93.527915
JAX00182258,X,93.536286
JAX00716050,X,93.581869
JAX00716053,X,93.587293
UNC31116526,X,93.610046
backupJAX00182262,X,93.611293
JAX00182264,X,93.611691
JAX00716054,X,93.626905
JAX00716056,X,93.632022
JAX00239642,X,93.656469
JAX00716059,X,93.690228
JAX00182270,X,93.693492
JAX00716060,X,93.697841
JAX00716061,X,93.705019
JAX00716066,X,93.744125
JAX00716067,X,93.74496
JAX00716076,X,93.777728
JAX00182279,X,93.816664
JAX00182281,X,93.847372
JAX00716080,X,93.856744
JAX00182283,X,93.897984
JAX00182284,X,93.898022
UNC31118182,X,93.904539
JAX00716087,X,93.913636
JAX00182286,X,93.917494
JAX00182288,X,93.920284
JAX00182289,X,93.953186
JAX00716091,X,93.992554
JAX00182293,X,93.993165
JAX00716092,X,94.045627
JAX00182295,X,94.047576
JAX00182296,X,94.048085
JAX00182297,X,94.048436
UNC31119182,X,94.05564
JAX00716097,X,94.12954
JAX00182303,X,94.14865
JAX00182304,X,94.161059
JAX00182305,X,94.163708
JAX00716112,X,94.209424
JAX00716115,X,94.231047
JAX00716117,X,94.254092
JAX00716119,X,94.258955
backupUNC200109114,X,94.267396
JAX00716121,X,94.271269
UNC31120242,X,94.271571
JAX00716122,X,94.271975
JAX00182313,X,94.272693
JAX00716123,X,94.273241
JAX00182314,X,94.280275
JAX00182316,X,94.342282
JAX00182317,X,94.34232
JAX00182318,X,94.342342
JAX00239653,X,94.354337
UNC31120967,X,94.394277
JAX00182323,X,94.411524
JAX00716131,X,94.415875
JAX00182326,X,94.457172
JAX00182327,X,94.457509
UNC31121491,X,94.465946
JAX00716138,X,94.470496
JAX00716142,X,94.573495
JAX00716143,X,94.573793
UNC31122205,X,94.578007
JAX00716145,X,94.593587
JAX00716147,X,94.603813
JAX00182337,X,94.619962
JAX00716148,X,94.621001
JAX00716149,X,94.630416
JAX00182338,X,94.642942
JAX00182343,X,94.701529
UNC31123087,X,94.729992
JAX00182346,X,94.731713
backupUNC200614817,X,94.739731
JAX00716161,X,94.845618
JAX00716162,X,94.848275
UNC31123848,X,94.849836
JAX00182353,X,94.850698
JAX00716164,X,94.852298
JAX00716172,X,94.888897
JAX00716173,X,94.901761
JAX00716174,X,94.901835
JAX00716181,X,94.992237
JAX00723417,X,94.995593
JAX00182362,X,95.022034
JAX00182363,X,95.022431
JAX00716183,X,95.024347
JAX00723418,X,95.024422
JAX00723419,X,95.024464
UNC31125158,X,95.07137
JAX00716184,X,95.116149
JAX00182366,X,95.119353
JAX00182367,X,95.129531
JAX00716197,X,95.151648
UNC200109294,X,95.164395
UNC31125541,X,95.181876
JAX00182370,X,95.18984
UNC31125947,X,95.289024
JAX00716201,X,95.350934
JAX00716202,X,95.366101
UNC31126295,X,95.37691
JAX00716209,X,95.400922
JAX00182383,X,95.40889
JAX00182387,X,95.450902
JAX00716216,X,95.451058
JAX00182388,X,95.452048
JAX00182391,X,95.49377
JAX00716218,X,95.496525
UNC31127108,X,95.513692
JAX00716224,X,95.518824
JAX00182394,X,95.543406
JAX00182395,X,95.56218
JAX00716230,X,95.563203
JAX00182397,X,95.572021
JAX00716231,X,95.572286
backupUNC200618095,X,95.60489
UNC31127534,X,95.605062
JAX00182400,X,95.607818
JAX00716235,X,95.647102
JAX00716236,X,95.647259
JAX00182401,X,95.649424
JAX00182402,X,95.652013
JAX00182403,X,95.652634
JAX00182404,X,95.701852
JAX00182405,X,95.701896
UNC31128312,X,95.736754
JAX00716241,X,95.740485
JAX00716244,X,95.749583
JAX00716246,X,95.75248
JAX00182410,X,95.774073
JAX00182411,X,95.774605
JAX00716248,X,95.775552
JAX00182414,X,95.810053
JAX00182418,X,95.851855
JAX00716254,X,95.855977
JAX00716257,X,95.881881
JAX00716259,X,95.888484
JAX00182419,X,95.896928
UNC31129334,X,95.902327
JAX00716265,X,95.92539
JAX00182422,X,95.931889
UNC200109718,X,95.974522
UNC31130804,X,96.059817
JAX00716279,X,96.077468
JAX00716281,X,96.079863
JAX00716282,X,96.080908
JAX00182437,X,96.12282
JAX00182442,X,96.186989
JAX00716298,X,96.203592
JAX00182444,X,96.211827
UNC200028187,X,96.214153
UNC31132654,X,96.229131
JAX00716305,X,96.248544
JAX00716307,X,96.258172
JAX00182446,X,96.25897
JAX00182447,X,96.259057
JAX00716308,X,96.259848
JAX00716310,X,96.267535
JAX00182449,X,96.301791
JAX00182451,X,96.302156
JAX00716322,X,96.311719
JAX00716323,X,96.31194
UNC200110307,X,96.314797
UNC31133592,X,96.319788
JAX00182452,X,96.322869
JAX00239677,X,96.327827
UNC31133650,X,96.328219
JAX00182453,X,96.333443
UNC31133696,X,96.339885
UNC31133752,X,96.349632
JAX00716329,X,96.355044
JAX00716331,X,96.356458
JAX00716332,X,96.356749
JAX00716334,X,96.356895
JAX00716335,X,96.358109
UNC31133929,X,96.368903
JAX00716337,X,96.37316
JAX00716338,X,96.375203
UNC31134005,X,96.377161
JAX00716340,X,96.379595
JAX00716344,X,96.386587
UNC31134093,X,96.387661
UNC31134162,X,96.397197
UNC31134271,X,96.407924
UNC31134326,X,96.413724
JAX00182460,X,96.427547
UNC31134485,X,96.430419
JAX00716347,X,96.43582
UNC31134563,X,96.438363
JAX00182461,X,96.440722
JAX00716348,X,96.441373
UNC31134619,X,96.442861
UNC31134741,X,96.456366
UNC31134783,X,96.467564
UNC31134856,X,96.476155
JAX00182464,X,96.484823
UNC31134948,X,96.485493
UNC31135032,X,96.496477
UNC31135129,X,96.50653
JAX00716357,X,96.509738
JAX00716358,X,96.518399
UNC31135325,X,96.5253
JAX00716363,X,96.557811
JAX00239683,X,96.558453
JAX00182471,X,96.56577
JAX00182472,X,96.565846
UNC31135735,X,96.585026
JAX00182474,X,96.61521
JAX00716368,X,96.622603
JAX00716369,X,96.626665
JAX00716374,X,96.655971
UNC31136405,X,96.680267
JAX00182480,X,96.707288
JAX00716383,X,96.717421
JAX00716387,X,96.736755
JAX00182484,X,96.740803
JAX00716388,X,96.745314
JAX00716390,X,96.74949
JAX00716391,X,96.756628
JAX00182486,X,96.770818
JAX00182487,X,96.771351
JAX00716393,X,96.792324
UNC31137375,X,96.79654
JAX00182488,X,96.820727
JAX00182490,X,96.823401
JAX00716395,X,96.823743
JAX00716396,X,96.827915
JAX00716398,X,96.844964
JAX00716399,X,96.847735
UNC31138001,X,96.879586
JAX00716404,X,96.911133
JAX00716405,X,96.921548
JAX00716407,X,96.930716
JAX00716409,X,96.930918
JAX00716411,X,96.931828
JAX00182498,X,96.939142
JAX00182500,X,96.963367
UNC31138563,X,96.975784
JAX00182502,X,96.99232
JAX00716414,X,97.003596
JAX00716415,X,97.003671
JAX00716416,X,97.003734
JAX00182503,X,97.012361
JAX00182505,X,97.01903
JAX00716423,X,97.031783
JAX00182506,X,97.044677
UNC31138883,X,97.049549
JAX00182507,X,97.055201
JAX00182508,X,97.072327
JAX00716434,X,97.106574
JAX00716435,X,97.118634
JAX00716440,X,97.155041
JAX00716441,X,97.155941
JAX00182516,X,97.156689
UNC31140023,X,97.1745
JAX00716446,X,97.192048
JAX00716447,X,97.21247
JAX00716449,X,97.219542
backupUNC200111260,X,97.23164
JAX00716450,X,97.236037
JAX00716452,X,97.251467
JAX00182523,X,97.251604
UNC31140559,X,97.271384
JAX00182525,X,97.294986
JAX00182526,X,97.295143
JAX00716455,X,97.311828
JAX00716457,X,97.318336
JAX00182528,X,97.336233
JAX00716458,X,97.336521
UNC31141010,X,97.351839
JAX00716461,X,97.357099
JAX00716462,X,97.383217
JAX00716465,X,97.394123
JAX00716471,X,97.424298
JAX00716472,X,97.465236
UNC31141781,X,97.470426
JAX00239695,X,97.509267
JAX00716481,X,97.553232
JAX00182545,X,97.576924
JAX00182546,X,97.578369
JAX00716485,X,97.591267
JAX00716486,X,97.591557
JAX00716487,X,97.594311
JAX00716489,X,97.61058
JAX00716494,X,97.658107
JAX00716495,X,97.664411
JAX00182552,X,97.665331
JAX00182553,X,97.665533
UNC31143042,X,97.66711
JAX00716498,X,97.667503
JAX00182554,X,97.685453
JAX00182555,X,97.686335
JAX00716502,X,97.702073
JAX00182557,X,97.728888
JAX00182558,X,97.731693
JAX00716511,X,97.759421
JAX00716512,X,97.761547
JAX00182560,X,97.767619
UNC31143736,X,97.77145
JAX00716515,X,97.802039
JAX00716518,X,97.802871
backupUNC200111583,X,97.803532
JAX00716521,X,97.817633
JAX00182566,X,97.840498
JAX00716522,X,97.847021
JAX00182567,X,97.851475
JAX00716523,X,97.852301
JAX00716524,X,97.864117
UNC31144766,X,97.885202
JAX00239699,X,97.888547
JAX00716527,X,97.897873
JAX00182571,X,97.910134
JAX00716529,X,97.910441
JAX00716530,X,97.910519
JAX00182573,X,97.92189
JAX00716533,X,97.923693
UNC31145265,X,97.961994
JAX00182576,X,97.975329
JAX00182577,X,97.98526
JAX00182578,X,98.016351
JAX00716542,X,98.018084
UNC31145683,X,98.024535
JAX00716543,X,98.027643
JAX00716544,X,98.036353
JAX00716545,X,98.03933
JAX00182582,X,98.046837
JAX00239700,X,98.051878
JAX00716551,X,98.114559
JAX00716554,X,98.149883
UNC31146591,X,98.162157
JAX00182591,X,98.171142
JAX00182592,X,98.171602
JAX00716555,X,98.172118
JAX00716557,X,98.181556
JAX00716560,X,98.197381
JAX00182595,X,98.212202
JAX00716564,X,98.231782
JAX00716569,X,98.28334
JAX00182600,X,98.293609
JAX00182601,X,98.29366
JAX00716572,X,98.298904
JAX00716574,X,98.317858
JAX00182603,X,98.341181
JAX00182604,X,98.347789
JAX00716583,X,98.385857
JAX00182608,X,98.412352
JAX00182609,X,98.412685
JAX00716586,X,98.425422
UNC200112087,X,98.426754
JAX00716589,X,98.476172
JAX00716590,X,98.480622
JAX00182614,X,98.488755
JAX00716592,X,98.506259
UNC31148921,X,98.50872
JAX00182618,X,98.535595
JAX00716595,X,98.54248
JAX00716597,X,98.546753
UNC31149365,X,98.559635
JAX00716598,X,98.566487
JAX00716599,X,98.56875
JAX00182622,X,98.590187
JAX00716605,X,98.60733
UNC31149689,X,98.611047
JAX00182627,X,98.653996
JAX00182630,X,98.710835
JAX00716613,X,98.712764
JAX00716616,X,98.742903
JAX00716618,X,98.756335
UNC200632580,X,98.767028
UNC31150929,X,98.769446
JAX00182635,X,98.769763
JAX00716619,X,98.790126
JAX00716621,X,98.797847
JAX00182638,X,98.813341
UNC31151289,X,98.822601
JAX00716626,X,98.832763
JAX00716627,X,98.843163
JAX00239707,X,98.855204
JAX00182644,X,98.89629
UNC31151741,X,98.920351
JAX00182647,X,98.943288
JAX00182648,X,98.944258
JAX00716632,X,98.944605
UNC31152023,X,98.975619
JAX00182651,X,98.980376
JAX00182652,X,98.998912
JAX00716633,X,99.007898
JAX00716639,X,99.029674
backupUNC200217389,X,99.042185
JAX00182655,X,99.053576
UNC31152711,X,99.078928
JAX00182658,X,99.093305
JAX00182660,X,99.093815
JAX00182661,X,99.135154
UNC31153246,X,99.136508
JAX00182663,X,99.137668
JAX00182664,X,99.17095
UNC31153686,X,99.181021
JAX00182669,X,99.213644
UNC31154045,X,99.223224
JAX00716652,X,99.225164
JAX00716654,X,99.225483
JAX00716658,X,99.270758
JAX00716659,X,99.27648
UNC31154429,X,99.287836
JAX00182673,X,99.290669
JAX00716661,X,99.306196
JAX00716664,X,99.32251
JAX00182676,X,99.335674
JAX00182677,X,99.336371
UNC31154914,X,99.338693
JAX00182680,X,99.368178
JAX00716668,X,99.368345
UNC31155388,X,99.388659
JAX00716669,X,99.392797
JAX00182684,X,99.418471
JAX00716671,X,99.432796
JAX00716672,X,99.439538
UNC31155789,X,99.445013
JAX00182685,X,99.451609
UNC31156076,X,99.492948
JAX00182690,X,99.497771
JAX00716676,X,99.505033
JAX00716681,X,99.519282
UNC31156340,X,99.542984
JAX00716682,X,99.547084
JAX00182696,X,99.573671
UNC31156667,X,99.609865
JAX00182697,X,99.615184
JAX00716688,X,99.638152
JAX00716689,X,99.638631
JAX00716690,X,99.638656
JAX00716693,X,99.663554
JAX00239717,X,99.684341
UNC31157341,X,99.698219
JAX00716699,X,99.714718
JAX00716701,X,99.727368
JAX00716703,X,99.744938
UNC31157680,X,99.748643
JAX00182710,X,99.76882
UNC31158037,X,99.798866
JAX00182712,X,99.811327
JAX00182713,X,99.811376
JAX00716710,X,99.815574
JAX00716712,X,99.829964
JAX00716713,X,99.83014
UNC200217527,X,99.865578
JAX00716720,X,99.891532
JAX00716721,X,99.894669
JAX00182717,X,99.894753
JAX00716723,X,99.906646
UNC31158751,X,99.90702
JAX00182721,X,99.935066
JAX00239722,X,99.972842
JAX00716733,X,100.024036
UNC200028921,X,100.062816
JAX00716739,X,100.092389
JAX00716741,X,100.099329
JAX00716742,X,100.099663
JAX00182735,X,100.172681
UNC31159982,X,100.21432
JAX00716754,X,100.282006
JAX00182741,X,100.286619
JAX00182745,X,100.344318
JAX00182748,X,100.373273
JAX00716760,X,100.377337
UNC31160547,X,100.377998
JAX00716762,X,100.380265
JAX00716763,X,100.380663
JAX00182751,X,100.427816
UNC31160796,X,100.435367
JAX00182755,X,100.458751
JAX00716766,X,100.482544
UNC31161392,X,100.525629
JAX00182760,X,100.535288
JAX00716768,X,100.540297
JAX00182763,X,100.571637
JAX00716775,X,100.59334
JAX00716777,X,100.606914
JAX00182765,X,100.613009
UNC31162073,X,100.622399
JAX00716781,X,100.63747
JAX00716782,X,100.639031
JAX00182768,X,100.639166
JAX00716783,X,100.660452
JAX00716785,X,100.667874
UNC31162387,X,100.669643
JAX00716787,X,100.718782
UNC31162800,X,100.723526
JAX00716789,X,100.738102
UNC31163151,X,100.784403
JAX00716806,X,100.830314
UNC31163487,X,100.837672
JAX00716809,X,100.855049
JAX00182785,X,100.855226
JAX00716811,X,100.86562
UNC31163894,X,100.884821
UNC31164092,X,100.915605
JAX00182789,X,100.933338
JAX00716818,X,100.933702
JAX00716823,X,100.955183
JAX00716824,X,100.965247
JAX00716827,X,100.970264
JAX00182792,X,100.971609
backupUNC200029276,X,100.985947
UNC31164771,X,100.993768
JAX00239737,X,101.040058
JAX00239738,X,101.04022
JAX00716832,X,101.057497
UNC31165250,X,101.060422
JAX00716835,X,101.062777
JAX00716836,X,101.062853
JAX00716840,X,101.074037
JAX00182801,X,101.092639
JAX00716851,X,101.183582
UNC31166226,X,101.195867
JAX00182815,X,101.248445
backupUNC200218095,X,101.255468
JAX00716861,X,101.266336
JAX00716862,X,101.267245
JAX00716865,X,101.27472
JAX00716868,X,101.281001
JAX00716869,X,101.281339
JAX00716871,X,101.297087
UNC31167042,X,101.302011
JAX00716876,X,101.321062
UNC31167322,X,101.353358
JAX00182822,X,101.370848
JAX00182823,X,101.371091
JAX00716881,X,101.371295
JAX00716882,X,101.387032
JAX00716885,X,101.389859
JAX00716886,X,101.389982
UNC31167591,X,101.410647
JAX00182825,X,101.425012
JAX00239745,X,101.443723
JAX00239747,X,101.443928
JAX00182829,X,101.455039
JAX00182830,X,101.456762
JAX00716889,X,101.457515
UNC31167934,X,101.4584
JAX00716890,X,101.459031
JAX00716895,X,101.501934
JAX00716896,X,101.505033
JAX00182834,X,101.531753
UNC31168517,X,101.559307
JAX00716902,X,101.562346
JAX00716904,X,101.597948
UNC31168884,X,101.605336
JAX00182840,X,101.606961
JAX00182844,X,101.637649
UNC31169206,X,101.663102
JAX00182846,X,101.692661
JAX00182848,X,101.692869
UNC31169535,X,101.730836
UNC31169745,X,101.767314
JAX00182853,X,101.774008
JAX00182854,X,101.774036
JAX00716920,X,101.793747
JAX00716922,X,101.809796
JAX00716923,X,101.810077
JAX00182860,X,101.84628
JAX00716924,X,101.86897
JAX00239752,X,101.869317
UNC31170230,X,101.870474
JAX00182862,X,101.890856
JAX00716927,X,101.900349
UNC31170510,X,101.914345
JAX00182864,X,101.927034
JAX00182868,X,101.965253
JAX00716933,X,102.008689
JAX00716937,X,102.010758
UNC31170954,X,102.014333
JAX00716939,X,102.042374
JAX00182873,X,102.050653
JAX00182874,X,102.05169
JAX00182878,X,102.102796
JAX00716946,X,102.150733
UNC31171594,X,102.181077
JAX00716951,X,102.232692
UNC31171777,X,102.233508
UNC31172248,X,102.284811
JAX00182891,X,102.290622
JAX00182894,X,102.331598
JAX00182895,X,102.333472
JAX00716959,X,102.337788
JAX00239757,X,102.339146
JAX00239758,X,102.339341
UNC200029463,X,102.369143
JAX00716962,X,102.370764
JAX00182899,X,102.38968
JAX00182901,X,102.415519
JAX00716971,X,102.429533
UNC31173559,X,102.44027
UNC31173965,X,102.498312
JAX00716974,X,102.527147
UNC31174260,X,102.541926
JAX00716978,X,102.542519
JAX00716982,X,102.58124
JAX00716985,X,102.584767
JAX00182915,X,102.611485
JAX00716987,X,102.617281
UNC31174852,X,102.645676
JAX00716989,X,102.648822
JAX00716990,X,102.664341
JAX00716991,X,102.709712
JAX00716992,X,102.727829
JAX00716993,X,102.735011
UNC31175383,X,102.756805
JAX00182926,X,102.787023
JAX00182927,X,102.78809
JAX00182928,X,102.788214
JAX00182934,X,102.849933
UNC31175704,X,102.853177
JAX00182935,X,102.876913
JAX00717004,X,102.876934
JAX00717010,X,102.908821
JAX00239765,X,102.915827
JAX00182939,X,102.929879
JAX00717013,X,102.947562
JAX00717014,X,102.94785
UNC31176390,X,102.950145
JAX00717017,X,102.972806
JAX00717022,X,103.000985
UNC31176688,X,103.003058
JAX00182946,X,103.01422
JAX00717028,X,103.043156
JAX00717032,X,103.065058
JAX00717033,X,103.0663
JAX00182951,X,103.093626
JAX00717034,X,103.09373
JAX00717035,X,103.096472
JAX00717037,X,103.097755
JAX00182954,X,103.147669
JAX00182958,X,103.176908
JAX00717042,X,103.178295
JAX00717046,X,103.195608
JAX00717049,X,103.209817
JAX00182962,X,103.252434
JAX00717052,X,103.274524
UNC31178929,X,103.275436
JAX00717053,X,103.28244
UNC200029837,X,103.311173
JAX00182968,X,103.325015
JAX00717058,X,103.327869
JAX00717060,X,103.344972
JAX00717062,X,103.347565
JAX00717067,X,103.383869
JAX00717070,X,103.392629
JAX00717091,X,103.438652
JAX00717075,X,103.451544
JAX00717078,X,103.452759
JAX00717079,X,103.453137
JAX00182982,X,103.507846
JAX00717083,X,103.510834
JAX00717086,X,103.582813
JAX00717088,X,103.615817
JAX00182988,X,103.617076
JAX00717092,X,103.633992
JAX00717098,X,103.656162
backupUNC200218490,X,103.700086
JAX00717104,X,103.720137
JAX00717106,X,103.720555
JAX00717112,X,103.792633
JAX00183003,X,103.818211
JAX00717123,X,103.89749
JAX00717124,X,103.903783
UNC31183175,X,103.911732
JAX00183013,X,103.95754
JAX00717126,X,103.957589
JAX00717128,X,103.971553
JAX00717132,X,103.993019
JAX00717133,X,103.995289
JAX00717135,X,103.995516
JAX00183017,X,104.004576
JAX00717139,X,104.05383
JAX00717140,X,104.056741
JAX00183020,X,104.060461
JAX00717142,X,104.067235
JAX00717144,X,104.067991
JAX00717145,X,104.069811
JAX00239771,X,104.076888
JAX00717148,X,104.090761
JAX00717151,X,104.125501
JAX00717160,X,104.197574
JAX00717161,X,104.201022
JAX00183031,X,104.203896
JAX00183033,X,104.205996
JAX00717167,X,104.22395
JAX00717169,X,104.266639
UNC31185725,X,104.270835
JAX00717170,X,104.279754
JAX00717171,X,104.27995
JAX00717172,X,104.288796
JAX00183037,X,104.29277
JAX00183038,X,104.292926
JAX00717175,X,104.29761
JAX00717179,X,104.336288
JAX00717182,X,104.366232
JAX00183045,X,104.388721
JAX00717185,X,104.388963
JAX00717188,X,104.402525
JAX00717189,X,104.402995
JAX00183053,X,104.492004
JAX00239777,X,104.497703
JAX00717199,X,104.523178
JAX00717200,X,104.54049
JAX00239779,X,104.582302
JAX00717207,X,104.593228
JAX00717208,X,104.59473
JAX00183066,X,104.661867
JAX00717214,X,104.674932
JAX00717215,X,104.693938
JAX00717217,X,104.705203
JAX00717219,X,104.722034
JAX00183071,X,104.736586
JAX00717221,X,104.767409
UNC200030621,X,104.785831
JAX00717225,X,104.810424
JAX00183077,X,104.812952
JAX00239780,X,104.818443
JAX00183080,X,104.847435
JAX00717229,X,104.86396
JAX00239781,X,104.884808
JAX00239783,X,104.920414
JAX00717239,X,104.9687
JAX00183088,X,104.96926
JAX00183091,X,105.010718
JAX00239785,X,105.029482
JAX00717246,X,105.029711
JAX00717248,X,105.04269
JAX00717255,X,105.088284
JAX00183099,X,105.091243
JAX00717261,X,105.103627
JAX00717270,X,105.150491
JAX00183103,X,105.166296
JAX00717273,X,105.207275
JAX00183110,X,105.251923
JAX00717275,X,105.264037
JAX00717276,X,105.265163
JAX00717278,X,105.279289
JAX00183113,X,105.28379
JAX00717281,X,105.284157
JAX00717284,X,105.31082
UNC31193448,X,105.368754
JAX00183120,X,105.374429
JAX00717286,X,105.378337
JAX00717287,X,105.378887
JAX00183121,X,105.418422
JAX00183125,X,105.447479
JAX00183126,X,105.450116
JAX00717293,X,105.469824
JAX00183127,X,105.48687
UNC_rs52510521,X,105.492878
JAX00183130,X,105.563837
JAX00717298,X,105.583542
JAX00717300,X,105.588901
JAX00717301,X,105.592245
JAX00183133,X,105.61669
JAX00717302,X,105.617765
JAX00717305,X,105.665264
JAX00183140,X,105.701393
JAX00183141,X,105.70657
JAX00183142,X,105.728042
JAX00717311,X,105.728071
JAX00183144,X,105.733071
JAX00183145,X,105.755872
JAX00717315,X,105.796241
JAX00717316,X,105.796817
JAX00717317,X,105.797221
JAX00183149,X,105.815853
JAX00717323,X,105.840373
JAX00183152,X,105.853694
backupUNC200112735,X,105.854706
JAX00183156,X,105.900545
JAX00717329,X,105.927462
JAX00183157,X,105.934826
JAX00717334,X,105.947099
JAX00183161,X,105.963677
JAX00717338,X,105.963696
JAX00717340,X,105.978787
JAX00183163,X,105.99262
JAX00717346,X,105.994231
JAX00717351,X,106.0189
JAX00183167,X,106.053267
JAX00183170,X,106.091768
JAX00717355,X,106.123065
UNC31197726,X,106.141729
JAX00717357,X,106.144339
JAX00717358,X,106.163605
JAX00717359,X,106.163692
JAX00717360,X,106.166911
JAX00717363,X,106.175383
JAX00717368,X,106.204324
backupUNC200112872,X,106.204842
JAX00717369,X,106.21993
JAX00717370,X,106.246186
UNC31198730,X,106.294409
JAX00717380,X,106.338761
JAX00717382,X,106.347753
JAX00239796,X,106.348088
JAX00717383,X,106.350138
JAX00183190,X,106.371663
JAX00717387,X,106.384826
JAX00717391,X,106.393547
JAX00183193,X,106.399184
JAX00717393,X,106.435843
JAX00183198,X,106.44769
JAX00183199,X,106.486087
JAX00183201,X,106.533142
JAX00717403,X,106.58798
UNC31200847,X,106.588643
JAX00717407,X,106.614146
JAX00717408,X,106.614777
JAX00717409,X,106.616907
JAX00717411,X,106.618129
JAX00183212,X,106.657467
JAX00717412,X,106.704772
JAX00717413,X,106.70483
JAX00239801,X,106.784371
UNC31202354,X,106.789634
JAX00717419,X,106.842601
JAX00717420,X,106.842644
JAX00183225,X,106.849136
JAX00717425,X,106.881212
JAX00717426,X,106.893635
JAX00717427,X,106.893876
UNC31203457,X,106.999806
JAX00717434,X,107.000315
JAX00717435,X,107.011322
JAX00717436,X,107.02897
JAX00717437,X,107.029014
JAX00183240,X,107.046935
JAX00183241,X,107.047411
JAX00183242,X,107.047484
JAX00717441,X,107.089377
JAX00183249,X,107.166655
JAX00183251,X,107.168795
JAX00717449,X,107.189133
JAX00717453,X,107.203184
JAX00183252,X,107.206685
JAX00717454,X,107.207285
JAX00717455,X,107.218775
JAX00239815,X,107.219076
JAX00183257,X,107.266881
JAX00183258,X,107.29315
JAX00183260,X,107.300393
JAX00717458,X,107.315926
JAX00183262,X,107.317418
JAX00183265,X,107.374252
JAX00717461,X,107.374718
JAX00717463,X,107.375045
JAX00717464,X,107.37509
JAX00717465,X,107.384968
JAX00717468,X,107.409407
JAX00717469,X,107.409608
JAX00183268,X,107.414941
JAX00183272,X,107.457704
JAX00717470,X,107.466698
JAX00717471,X,107.467119
JAX00717473,X,107.475287
JAX00239819,X,107.482061
JAX00717476,X,107.499329
JAX00717478,X,107.500082
JAX00717479,X,107.500375
JAX00717481,X,107.504539
JAX00717482,X,107.528535
JAX00183278,X,107.536875
JAX00717483,X,107.542318
JAX00717486,X,107.609108
JAX00717493,X,107.669494
JAX00183289,X,107.696811
JAX00717499,X,107.725326
JAX00717501,X,107.735253
UNC31208675,X,107.776813
JAX00183296,X,107.789589
JAX00717508,X,107.886644
JAX00717512,X,107.905649
JAX00717513,X,107.918305
JAX00183311,X,107.976083
JAX00717517,X,107.987668
JAX00717518,X,107.996608
JAX00183314,X,108.027292
JAX00183316,X,108.051897
JAX00183319,X,108.099748
JAX00183321,X,108.132549
JAX00183323,X,108.132633
JAX00717527,X,108.13796
JAX00717528,X,108.138204
JAX00183324,X,108.176689
JAX00183325,X,108.17671
JAX00717530,X,108.182038
JAX00717533,X,108.196678
JAX00717538,X,108.262084
UNC31211506,X,108.280773
JAX00183338,X,108.339042
JAX00717544,X,108.342366
JAX00183339,X,108.37046
JAX00717553,X,108.389718
JAX00183343,X,108.41458
UNC31212473,X,108.417868
JAX00183345,X,108.488738
JAX00183347,X,108.509401
JAX00717564,X,108.51496
JAX00717565,X,108.516056
JAX00717567,X,108.529168
JAX00183350,X,108.541096
JAX00717571,X,108.557236
JAX00183352,X,108.577677
JAX00717573,X,108.601033
JAX00183354,X,108.60785
JAX00183355,X,108.631521
JAX00717581,X,108.635724
JAX00717583,X,108.642699
JAX00183358,X,108.646523
JAX00183359,X,108.649367
UNC200676245,X,108.654194
JAX00717584,X,108.654873
JAX00717585,X,108.683125
JAX00183362,X,108.7006
JAX00717589,X,108.723824
UNC31214147,X,108.754893
JAX00183367,X,108.761373
JAX00183368,X,108.762904
JAX00239830,X,108.781413
JAX00239831,X,108.800889
JAX00717593,X,108.805245
JAX00717596,X,108.888236
JAX00183372,X,108.903706
JAX00717597,X,108.904045
backupUNC200114004,X,108.929708
JAX00183375,X,108.944738
JAX00183376,X,108.944884
JAX00183378,X,108.962308
JAX00717600,X,108.976963
JAX00183380,X,108.983302
JAX00717601,X,108.991192
JAX00183381,X,108.99681
UNC31215302,X,109.030605
JAX00183384,X,109.050829
JAX00183388,X,109.082795
JAX00183390,X,109.120374
JAX00717608,X,109.125576
JAX00183391,X,109.126901
JAX00717609,X,109.154857
JAX00717611,X,109.156102
JAX00183394,X,109.184592
JAX00717615,X,109.226507
JAX00717616,X,109.230411
JAX00183400,X,109.25068
JAX00183402,X,109.292156
JAX00717619,X,109.298545
JAX00183410,X,109.386481
JAX00717626,X,109.417871
backuprs29099122,X,109.428265
JAX00183415,X,109.453725
JAX00717634,X,109.466535
JAX00717637,X,109.487089
JAX00717638,X,109.495948
JAX00183423,X,109.575802
JAX00183424,X,109.576078
JAX00717645,X,109.636048
JAX00717646,X,109.636682
JAX00239832,X,109.639844
JAX00183430,X,109.661391
JAX00183431,X,109.675839
JAX00183434,X,109.690802
JAX00183435,X,109.729293
JAX00717651,X,109.735921
JAX00183436,X,109.736307
JAX00717653,X,109.754435
JAX00717654,X,109.75468
JAX00717655,X,109.756907
JAX00717656,X,109.758818
UNC31218527,X,109.761974
JAX00183439,X,109.768817
UNC200117800,X,109.780652
JAX00717657,X,109.796256
JAX00183441,X,109.801839
JAX00717659,X,109.81113
JAX00717660,X,109.812684
JAX00183442,X,109.815945
JAX00717662,X,109.828991
JAX00183445,X,109.873382
JAX00717663,X,109.885669
JAX00717667,X,109.915517
JAX00183450,X,109.936165
JAX00183451,X,109.936988
JAX00183452,X,109.938465
JAX00183454,X,109.985763
JAX00717673,X,110.012236
JAX00717676,X,110.013382
UNC31219667,X,110.019569
JAX00717677,X,110.034966
JAX00183459,X,110.040927
JAX00717680,X,110.09527
JAX00183464,X,110.095343
JAX00717683,X,110.156889
JAX00717684,X,110.159897
JAX00717685,X,110.16308
JAX00183469,X,110.180553
JAX00717691,X,110.182682
UNC31221166,X,110.194218
JAX00717693,X,110.196616
JAX00183472,X,110.21796
JAX00183473,X,110.218661
UNC200120361,X,110.227594
JAX00717695,X,110.249888
JAX00183474,X,110.252768
JAX00183475,X,110.254237
JAX00717697,X,110.25454
JAX00183478,X,110.302256
JAX00717705,X,110.305151
UNC200121449,X,110.410446
JAX00717709,X,110.422063
UNC31222616,X,110.428029
JAX00183485,X,110.438311
JAX00183490,X,110.500458
JAX00717719,X,110.516034
JAX00183496,X,110.579572
UNC31223773,X,110.614828
JAX00183499,X,110.6161
JAX00717727,X,110.647368
JAX00717728,X,110.64933
JAX00183502,X,110.652824
JAX00183504,X,110.687166
JAX00183509,X,110.774669
JAX00183510,X,110.775012
UNC31224636,X,110.812006
JAX00183513,X,110.823384
JAX00717748,X,110.897728
JAX00717749,X,110.901776
JAX00183522,X,110.947201
JAX00183524,X,110.962412
UNC200219382,X,111.015434
JAX00183530,X,111.05123
JAX00717759,X,111.118976
JAX00717760,X,111.134227
JAX00183536,X,111.134826
JAX00183538,X,111.138694
JAX00717762,X,111.139403
JAX00183541,X,111.190275
JAX00183542,X,111.212588
JAX00183545,X,111.240167
UNC31227929,X,111.273114
JAX00183553,X,111.350609
JAX00717779,X,111.350701
JAX00717781,X,111.360577
JAX00183554,X,111.384224
JAX00183555,X,111.384521
JAX00183559,X,111.433364
JAX00717790,X,111.485925
JAX00717792,X,111.490932
JAX00183565,X,111.515869
JAX00717798,X,111.563812
JAX00183571,X,111.584729
JAX00717800,X,111.605007
JAX00717801,X,111.606272
JAX00717804,X,111.675306
JAX00183577,X,111.676449
JAX00183579,X,111.702082
JAX00183580,X,111.713784
JAX00183581,X,111.735307
JAX00183582,X,111.735417
JAX00183584,X,111.765084
JAX00183585,X,111.783372
JAX00183588,X,111.815919
JAX00183591,X,111.847664
JAX00717822,X,111.851434
JAX00717823,X,111.851616
JAX00183592,X,111.855113
JAX00183594,X,111.883596
JAX00183598,X,111.920552
UNC200031673,X,111.934773
JAX00183599,X,111.983835
JAX00717827,X,111.98462
JAX00183603,X,112.024839
JAX00717836,X,112.062857
JAX00183605,X,112.063032
JAX00183606,X,112.067339
JAX00717837,X,112.067715
JAX00717839,X,112.075433
JAX00183607,X,112.075665
JAX00183608,X,112.102735
JAX00717841,X,112.1266
JAX00239851,X,112.14505
JAX00183613,X,112.174517
JAX00183614,X,112.174682
JAX00183618,X,112.199376
JAX00183619,X,112.251888
JAX00717856,X,112.264002
JAX00183621,X,112.264849
JAX00183622,X,112.31529
JAX00717858,X,112.325385
JAX00183626,X,112.350059
JAX00183630,X,112.391271
JAX00183631,X,112.41468
JAX00183633,X,112.414821
JAX00717872,X,112.418896
JAX00183635,X,112.443069
JAX00183636,X,112.444055
JAX00717876,X,112.469902
JAX00717877,X,112.470099
JAX00717879,X,112.470304
JAX00717880,X,112.472072
UNC200133748,X,112.517943
JAX00717885,X,112.521701
JAX00183643,X,112.561026
JAX00717891,X,112.587884
JAX00183645,X,112.589139
JAX00183646,X,112.605195
JAX00183647,X,112.608072
JAX00717900,X,112.657282
JAX00717906,X,112.75453
JAX00717911,X,112.800222
JAX00717914,X,112.801667
JAX00183663,X,112.827988
JAX00717919,X,112.84227
JAX00183667,X,112.898711
JAX00183669,X,112.898939
JAX00717922,X,112.920213
JAX00717935,X,113.074987
JAX00717938,X,113.088895
JAX00717939,X,113.089778
JAX00717942,X,113.101595
JAX00717945,X,113.142223
JAX00183690,X,113.183877
JAX00717950,X,113.1851
JAX00717953,X,113.202598
UNC200032623,X,113.249866
JAX00183697,X,113.28489
JAX00717958,X,113.316977
JAX00717959,X,113.317103
JAX00717962,X,113.3276
JAX00183703,X,113.380244
JAX00183705,X,113.383427
JAX00183709,X,113.455929
JAX00717972,X,113.463644
JAX00183711,X,113.463681
JAX00183712,X,113.486049
JAX00183714,X,113.488068
JAX00183715,X,113.527546
JAX00183718,X,113.5602
JAX00183720,X,113.562376
JAX00183725,X,113.658167
JAX00183728,X,113.694818
JAX00717985,X,113.694949
JAX00183729,X,113.705654
JAX00717987,X,113.705871
JAX00717990,X,113.721641
JAX00183735,X,113.7873
JAX00183736,X,113.811666
JAX00183737,X,113.811807
JAX00183739,X,113.845357
JAX00183742,X,113.89471
JAX00183744,X,113.894809
JAX00718001,X,113.896554
UNC31243837,X,113.947492
JAX00183747,X,113.950777
JAX00183749,X,113.984779
JAX00183750,X,113.984975
JAX00718008,X,114.002657
JAX00183753,X,114.028337
JAX00183754,X,114.071809
JAX00718011,X,114.072212
JAX00183758,X,114.076847
JAX00718020,X,114.18409
JAX00718024,X,114.227948
JAX00718029,X,114.29586
JAX00718032,X,114.338137
JAX00183778,X,114.380095
JAX00183779,X,114.384362
JAX00183780,X,114.393718
JAX00183781,X,114.409109
JAX00718041,X,114.423445
JAX00183785,X,114.464762
JAX00718045,X,114.470368
JAX00718049,X,114.48452
JAX00183792,X,114.544851
UNC31248809,X,114.556134
JAX00183793,X,114.558263
JAX00718057,X,114.584345
JAX00183795,X,114.594632
JAX00183797,X,114.627675
JAX00718060,X,114.637362
JAX00718061,X,114.638017
JAX00183799,X,114.654999
JAX00183800,X,114.655391
JAX00718066,X,114.655599
JAX00183802,X,114.699029
JAX00183803,X,114.699096
JAX00718068,X,114.699562
JAX00183804,X,114.713147
JAX00718069,X,114.717934
JAX00718070,X,114.72002
JAX00183805,X,114.730352
JAX00183807,X,114.73899
JAX00239864,X,114.73941
JAX00183810,X,114.787999
JAX00718074,X,114.788076
JAX00183818,X,114.880293
JAX00183825,X,114.990638
JAX00718093,X,115.001622
backupJAX00718095,X,115.038916
JAX00183829,X,115.041921
JAX00183831,X,115.072216
JAX00718096,X,115.078899
JAX00718097,X,115.085674
JAX00183834,X,115.091874
JAX00718099,X,115.092834
JAX00183835,X,115.117191
JAX00718103,X,115.126955
JAX00718106,X,115.131701
JAX00183836,X,115.151734
JAX00183837,X,115.1519
JAX00183838,X,115.179299
JAX00718115,X,115.192064
JAX00718119,X,115.200396
JAX00183841,X,115.222544
JAX00183842,X,115.222681
JAX00183843,X,115.229709
JAX00183844,X,115.243278
JAX00183845,X,115.243454
JAX00183846,X,115.243631
JAX00718123,X,115.288574
JAX00183848,X,115.29354
JAX00718124,X,115.294131
JAX00718126,X,115.308897
JAX00718127,X,115.309143
JAX00718128,X,115.309276
JAX00183851,X,115.344817
JAX00183852,X,115.346267
JAX00183856,X,115.397958
JAX00183857,X,115.39832
JAX00718138,X,115.416501
JAX00718139,X,115.418437
JAX00718141,X,115.440231
JAX00718142,X,115.454401
JAX00183863,X,115.495553
JAX00718146,X,115.495729
JAX00718147,X,115.50042
JAX00718151,X,115.517376
JAX00183865,X,115.553935
JAX00718152,X,115.554097
JAX00183872,X,115.607943
JAX00183873,X,115.608809
backupUNC200153103,X,115.642618
JAX00183876,X,115.671568
JAX00183877,X,115.679631
JAX00718156,X,115.70971
JAX00183878,X,115.711035
JAX00718161,X,115.711895
JAX00718164,X,115.714778
JAX00718165,X,115.714923
JAX00239876,X,115.739382
JAX00183881,X,115.744001
JAX00183882,X,115.750173
JAX00183884,X,115.782778
JAX00718166,X,115.784689
JAX00183886,X,115.808887
JAX00718169,X,115.809121
JAX00718171,X,115.810092
JAX00183887,X,115.811781
JAX00718173,X,115.811977
JAX00183888,X,115.827727
JAX00183889,X,115.848861
JAX00183890,X,115.860693
JAX00183891,X,115.860744
JAX00718178,X,115.868745
JAX00183892,X,115.888747
JAX00183894,X,115.898712
JAX00718182,X,115.947045
JAX00183903,X,116.028638
JAX00718189,X,116.028801
JAX00183910,X,116.116722
JAX00718197,X,116.116946
JAX00183912,X,116.144043
JAX00239881,X,116.162096
JAX00718202,X,116.163627
JAX00718204,X,116.167935
JAX00183915,X,116.172287
JAX00183916,X,116.22654
JAX00183918,X,116.22721
JAX00718208,X,116.233562
JAX00718209,X,116.237639
JAX00183920,X,116.246298
JAX00183921,X,116.264716
JAX00718215,X,116.292989
JAX00183926,X,116.319427
JAX00718221,X,116.372366
UNC31262291,X,116.412303
JAX00718227,X,116.459373
JAX00718234,X,116.498503
JAX00183935,X,116.498747
JAX00183936,X,116.498795
JAX00183937,X,116.498811
JAX00183943,X,116.581266
JAX00718240,X,116.586254
JAX00718241,X,116.588968
JAX00718244,X,116.602284
JAX00183946,X,116.635157
JAX00183948,X,116.650648
JAX00183950,X,116.678539
JAX00718249,X,116.716956
JAX00718250,X,116.71951
JAX00718251,X,116.719661
JAX00718252,X,116.719686
JAX00718253,X,116.720896
JAX00183951,X,116.731376
JAX00183953,X,116.736025
JAX00183954,X,116.769085
JAX00183956,X,116.769639
JAX00718257,X,116.814247
JAX00718258,X,116.900999
UNC31266428,X,116.938586
JAX00183967,X,116.948756
JAX00183973,X,117.016246
JAX00718268,X,117.043815
JAX00183976,X,117.048461
JAX00183977,X,117.099114
JAX00183978,X,117.100876
JAX00718271,X,117.11607
JAX00183982,X,117.139456
JAX00718273,X,117.158645
JAX00718274,X,117.160114
JAX00183986,X,117.210398
backupJAX00183987,X,117.210915
JAX00718286,X,117.211308
JAX00183988,X,117.212215
JAX00718289,X,117.212461
JAX00183990,X,117.247425
JAX00718292,X,117.280639
JAX00183993,X,117.297715
JAX00718298,X,117.316464
JAX00183997,X,117.349798
JAX00718302,X,117.394084
JAX00718305,X,117.405677
JAX00184002,X,117.411847
JAX00718306,X,117.416793
JAX00184003,X,117.418805
JAX00718307,X,117.422592
JAX00184004,X,117.451016
JAX00184007,X,117.480393
JAX00184009,X,117.510619
JAX00718313,X,117.53144
JAX00718314,X,117.540046
JAX00718316,X,117.555886
JAX00184014,X,117.572715
JAX00184015,X,117.581451
JAX00184018,X,117.624256
JAX00184019,X,117.642938
JAX00718324,X,117.671018
JAX00718325,X,117.671041
JAX00718333,X,117.703105
UNC200167426,X,117.703573
JAX00718335,X,117.708762
JAX00184024,X,117.708811
JAX00184028,X,117.762118
JAX00718336,X,117.769747
JAX00718337,X,117.775908
JAX00718338,X,117.776627
JAX00718340,X,117.780656
JAX00239897,X,117.797738
JAX00184035,X,117.853763
JAX00718348,X,117.895095
JAX00718351,X,117.895849
JAX00184038,X,117.902207
JAX00184045,X,117.977966
JAX00718357,X,117.982593
JAX00239899,X,117.988571
JAX00718361,X,118.008854
JAX00184048,X,118.036253
JAX00184049,X,118.048981
JAX00184052,X,118.082077
JAX00718369,X,118.083192
JAX00184055,X,118.126246
JAX00184057,X,118.126337
JAX00718372,X,118.148022
JAX00718373,X,118.155942
JAX00184060,X,118.190085
JAX00184064,X,118.248224
JAX00184066,X,118.253088
JAX00718378,X,118.253196
JAX00718379,X,118.253219
JAX00718381,X,118.256791
JAX00718382,X,118.27666
JAX00239903,X,118.278758
JAX00718384,X,118.280189
JAX00184067,X,118.288885
JAX00184069,X,118.305383
JAX00184076,X,118.398823
JAX00718392,X,118.406686
JAX00184082,X,118.511471
UNC31278531,X,118.534359
JAX00184085,X,118.537893
JAX00718402,X,118.546332
JAX00184087,X,118.580698
JAX00718408,X,118.587429
JAX00184091,X,118.630109
JAX00718410,X,118.630968
UNC200034300,X,118.649042
JAX00718416,X,118.729544
JAX00718417,X,118.730308
JAX00718418,X,118.730961
JAX00184105,X,118.800763
JAX00718423,X,118.801577
JAX00184106,X,118.803538
JAX00718424,X,118.825774
JAX00718427,X,118.826059
JAX00184110,X,118.861212
JAX00718428,X,118.861633
JAX00718430,X,118.906485
JAX00718431,X,118.906704
JAX00184116,X,118.933522
JAX00239909,X,118.98615
JAX00184121,X,119.008472
JAX00718443,X,119.095724
JAX00718447,X,119.100759
JAX00184129,X,119.136867
JAX00718450,X,119.156639
JAX00184133,X,119.164346
JAX00184134,X,119.182681
JAX00718453,X,119.197524
JAX00718454,X,119.198093
JAX00184136,X,119.215133
JAX00718459,X,119.219971
JAX00184138,X,119.251256
JAX00718463,X,119.288461
JAX00718464,X,119.288502
JAX00184141,X,119.302613
JAX00718466,X,119.333744
JAX00184145,X,119.334138
JAX00718467,X,119.367461
JAX00184147,X,119.373664
JAX00184148,X,119.378913
JAX00718470,X,119.385853
JAX00239913,X,119.395816
JAX00184153,X,119.447684
JAX00718473,X,119.447797
JAX00184158,X,119.495964
JAX00184160,X,119.526721
JAX00184161,X,119.547974
JAX00718483,X,119.552562
JAX00184162,X,119.556744
JAX00718487,X,119.556995
JAX00718488,X,119.601704
JAX00718490,X,119.603024
JAX00184167,X,119.622505
JAX00184170,X,119.673521
JAX00718494,X,119.681062
JAX00184171,X,119.686697
JAX00184172,X,119.700794
JAX00184173,X,119.700894
JAX00718495,X,119.718479
UNC200034449,X,119.726548
JAX00718502,X,119.744632
JAX00184176,X,119.744876
JAX00184177,X,119.76734
JAX00184179,X,119.778362
JAX00718510,X,119.812762
JAX00718514,X,119.873801
JAX00184187,X,119.894537
JAX00718515,X,119.921921
JAX00718516,X,119.95397
JAX00718517,X,119.954056
JAX00718523,X,119.968393
JAX00184194,X,119.968674
JAX00184197,X,120.036044
JAX00718527,X,120.051375
JAX00184200,X,120.066236
JAX00184202,X,120.099794
JAX00718543,X,121.323198
JAX00724016,X,122.71625
JAX00184218,X,122.725099
JAX00718548,X,122.730651
JAX00184220,X,122.771038
JAX00184224,X,122.815162
JAX00718554,X,122.821612
JAX00718557,X,122.849015
JAX00184227,X,122.849239
JAX00184229,X,122.887008
JAX00184230,X,122.892538
JAX00184232,X,122.910356
JAX00718562,X,122.975824
JAX00239922,X,123.039491
JAX00718579,X,123.140193
JAX00718580,X,123.140273
JAX00718581,X,123.140769
JAX00184254,X,123.237763
JAX00184256,X,123.257674
JAX00718588,X,123.337289
JAX00718589,X,123.340102
JAX00184261,X,123.345243
JAX00718590,X,123.350782
JAX00184263,X,123.352076
JAX00718592,X,123.352393
JAX00718601,X,123.459607
JAX00718604,X,123.489092
JAX00184270,X,123.497348
JAX00184271,X,123.501252
JAX00718605,X,123.502947
JAX00184275,X,123.512563
backupUNC200189557,X,123.582354
JAX00718607,X,123.595436
JAX00184279,X,123.60512
JAX00184280,X,123.605692
JAX00184284,X,123.650322
JAX00718612,X,123.650486
JAX00718619,X,123.679727
JAX00718623,X,123.689333
JAX00184287,X,123.689486
JAX00718625,X,123.6899
JAX00184288,X,123.718424
JAX00184293,X,123.762879
JAX00184296,X,123.817315
UNC31298992,X,123.823524
JAX00184298,X,123.858461
UNC200192385,X,123.872497
JAX00184300,X,123.888452
JAX00184302,X,123.888768
JAX00718640,X,123.895381
JAX00718645,X,123.925788
JAX00239925,X,123.933675
JAX00184305,X,123.942362
UNC200240290,X,123.946129
JAX00718650,X,124.008873
JAX00718653,X,124.017896
JAX00184308,X,124.01993
JAX00718657,X,124.028523
JAX00184309,X,124.039438
JAX00184311,X,124.044589
JAX00184317,X,124.151213
JAX00184318,X,124.166014
JAX00184319,X,124.191884
JAX00718663,X,124.225769
JAX00184321,X,124.225933
JAX00718668,X,124.246889
JAX00184325,X,124.270611
JAX00184327,X,124.299374
backupUNC200195198,X,124.303294
JAX00718674,X,124.33737
UNC31303071,X,124.404612
JAX00184335,X,124.526239
JAX00184336,X,124.526497
JAX00718688,X,124.585675
JAX00184341,X,124.599438
backupJAX00718691,X,124.599638
JAX00718692,X,124.599811
JAX00718694,X,124.600841
JAX00718695,X,124.609003
JAX00718696,X,124.617557
JAX00718697,X,124.618707
JAX00239930,X,124.624581
JAX00184344,X,124.650599
JAX00718701,X,124.69885
JAX00718702,X,124.701267
JAX00184350,X,124.724602
JAX00718703,X,124.725541
JAX00184353,X,124.775179
JAX00718706,X,124.787248
JAX00718707,X,124.791298
JAX00718710,X,124.796425
JAX00718711,X,124.802228
UNC200198049,X,124.814369
JAX00184357,X,124.815505
UNC31306104,X,124.825747
JAX00184358,X,124.830344
JAX00239934,X,124.843664
JAX00239935,X,124.843716
JAX00239936,X,124.933561
JAX00184367,X,124.965777
JAX00184368,X,124.965801
JAX00718717,X,124.992424
JAX00718718,X,124.992519
JAX00184370,X,125.004533
JAX00718723,X,125.099144
JAX00718728,X,125.122661
JAX00184388,X,125.257974
JAX00718733,X,125.258235
JAX00184389,X,125.278433
JAX00718738,X,125.311008
JAX00718741,X,125.323768
JAX00184393,X,125.324514
JAX00718744,X,125.387612
JAX00718745,X,125.387862
JAX00184399,X,125.409674
JAX00184401,X,125.449988
JAX00184403,X,125.450139
JAX00184406,X,125.476344
UNC200687011,X,125.509644
JAX00184407,X,125.519689
JAX00718752,X,125.587298
JAX00184415,X,125.61185
JAX00718757,X,125.62732
UNC31310260,X,125.62832
JAX00239942,X,125.651988
JAX00239943,X,125.65225
JAX00184418,X,125.652339
JAX00184419,X,125.704388
JAX00718762,X,125.704761
JAX00718763,X,125.705108
JAX00184425,X,125.756673
JAX00184428,X,125.810169
JAX00184431,X,125.836398
JAX00718769,X,125.837121
JAX00184433,X,125.84077
JAX00718773,X,125.885216
JAX00718774,X,125.930298
JAX00718775,X,125.930967
JAX00184440,X,125.956362
backupUNC200687147,X,125.988473
JAX00184445,X,126.00691
JAX00718778,X,126.028095
JAX00718780,X,126.03149
JAX00184447,X,126.049985
JAX00184450,X,126.087205
JAX00184451,X,126.089023
JAX00718787,X,126.106212
JAX00184454,X,126.137155
JAX00184455,X,126.173833
JAX00184457,X,126.174338
JAX00184459,X,126.201017
JAX00184460,X,126.214137
JAX00184462,X,126.234626
UNC31313197,X,126.241627
JAX00184463,X,126.255486
JAX00239949,X,126.265418
JAX00184464,X,126.279105
JAX00718797,X,126.302604
UNC31313525,X,126.323076
JAX00184468,X,126.326377
JAX00718799,X,126.333366
JAX00184471,X,126.365861
JAX00718802,X,126.38197
JAX00718803,X,126.382698
JAX00718806,X,126.388603
UNC31313938,X,126.414425
JAX00718810,X,126.420268
JAX00718813,X,126.423518
JAX00184478,X,126.457282
JAX00718815,X,126.457751
JAX00718816,X,126.461186
JAX00184479,X,126.484233
JAX00184480,X,126.489186
UNC31314306,X,126.491322
JAX00718820,X,126.492159
JAX00718822,X,126.498498
JAX00718823,X,126.499235
JAX00718824,X,126.539914
JAX00718826,X,126.540611
JAX00718840,X,126.622665
JAX00184492,X,126.650288
JAX00718845,X,126.676817
JAX00184496,X,126.6863
UNC31315609,X,126.688755
JAX00718847,X,126.710858
UNC31315830,X,126.727904
JAX00184499,X,126.731578
JAX00184500,X,126.750658
JAX00718852,X,126.754509
JAX00184502,X,126.769576
JAX00718854,X,126.776853
JAX00184503,X,126.807334
JAX00184504,X,126.807762
JAX00718867,X,126.814168
JAX00718870,X,126.819888
JAX00184505,X,126.822639
JAX00184506,X,126.83024
UNC31316617,X,126.856262
JAX00718871,X,126.887902
JAX00718872,X,126.893892
JAX00718875,X,126.896089
JAX00184511,X,126.896437
UNC31316877,X,126.900113
JAX00718878,X,126.924405
JAX00718879,X,126.925098
JAX00718884,X,126.943687
JAX00184516,X,126.970755
JAX00718887,X,126.974115
JAX00184517,X,126.978351
JAX00718888,X,126.983151
JAX00718890,X,126.985596
JAX00718891,X,127.008882
JAX00184519,X,127.009268
JAX00718892,X,127.00931
JAX00184520,X,127.009521
UNC31317759,X,127.034146
JAX00718896,X,127.047139
JAX00239957,X,127.077217
JAX00184524,X,127.077835
JAX00184526,X,127.08103
JAX00184527,X,127.128912
JAX00184528,X,127.128984
JAX00718899,X,127.136573
UNC31318364,X,127.155215
JAX00718900,X,127.16277
JAX00184531,X,127.178719
JAX00184532,X,127.18787
JAX00184533,X,127.197339
JAX00184534,X,127.207881
JAX00718905,X,127.211756
UNC31318680,X,127.212743
JAX00184537,X,127.254032
JAX00184538,X,127.255
JAX00718910,X,127.270127
JAX00718911,X,127.27443
JAX00184541,X,127.307101
JAX00718915,X,127.307233
JAX00718916,X,127.310516
UNC31319314,X,127.323773
JAX00239963,X,127.37652
JAX00184546,X,127.378984
JAX00718921,X,127.380599
JAX00184548,X,127.394544
JAX00718925,X,127.400619
JAX00184550,X,127.404469
UNC31319750,X,127.410157
JAX00718933,X,127.477365
JAX00718936,X,127.509771
JAX00184557,X,127.517088
JAX00184559,X,127.541471
UNC31320320,X,127.555222
JAX00184561,X,127.572487
JAX00184562,X,127.572592
JAX00718940,X,127.577052
JAX00184564,X,127.618006
UNC200036579,X,127.626387
JAX00184565,X,127.626788
JAX00184568,X,127.64932
JAX00718948,X,127.675577
JAX00239965,X,127.715952
JAX00718952,X,127.727042
JAX00184572,X,127.728666
JAX00718953,X,127.729699
UNC31321212,X,127.738056
JAX00184575,X,127.7496
JAX00718956,X,127.759895
JAX00718957,X,127.777278
JAX00718960,X,127.79582
UNC31321705,X,127.816256
JAX00184582,X,127.847233
JAX00184583,X,127.847347
JAX00718966,X,127.854229
JAX00718967,X,127.86846
JAX00718968,X,127.896567
UNC31322217,X,127.901889
JAX00718970,X,127.902124
JAX00718972,X,127.918353
JAX00239967,X,127.918692
JAX00718973,X,127.940379
JAX00718974,X,127.94253
JAX00184589,X,127.946931
UNC31322564,X,127.949742
JAX00718975,X,127.963549
JAX00718976,X,127.964295
JAX00184593,X,128.010565
JAX00184598,X,128.048891
UNC31323268,X,128.056494
backupUNC200687966,X,128.079412
UNC31323547,X,128.106677
JAX00239969,X,128.111267
JAX00718985,X,128.114235
JAX00718986,X,128.133056
JAX00718990,X,128.133634
JAX00718993,X,128.161372
JAX00718996,X,128.180084
JAX00718997,X,128.186866
JAX00184609,X,128.206833
JAX00718999,X,128.248748
JAX00184613,X,128.249182
JAX00719002,X,128.296963
JAX00719004,X,128.303063
UNC31324570,X,128.323972
JAX00239973,X,128.330418
JAX00719009,X,128.364981
JAX00719010,X,128.368843
JAX00184621,X,128.384839
JAX00719013,X,128.394303
JAX00719014,X,128.395708
JAX00184626,X,128.431311
JAX00184627,X,128.436225
UNC31325334,X,128.458722
JAX00719021,X,128.483088
JAX00184630,X,128.489097
JAX00184632,X,128.519328
JAX00184633,X,128.526129
UNC31325940,X,128.57969
JAX00719029,X,128.588573
JAX00719030,X,128.588651
JAX00719037,X,128.631416
UNC31326365,X,128.634698
JAX00184643,X,128.661252
JAX00719043,X,128.712326
JAX00719045,X,128.722609
JAX00719046,X,128.722869
UNC31327084,X,128.727388
JAX00719047,X,128.727806
JAX00719051,X,128.738009
JAX00719054,X,128.750754
JAX00719055,X,128.755364
JAX00719056,X,128.755781
JAX00719060,X,128.782373
JAX00719061,X,128.78311
JAX00184653,X,128.801831
UNC31327749,X,128.836464
JAX00719064,X,128.845221
JAX00719065,X,128.845399
JAX00719067,X,128.848487
JAX00719068,X,128.849049
JAX00719070,X,128.850712
JAX00184659,X,128.87673
JAX00184660,X,128.884279
JAX00719076,X,128.884545
UNC31328188,X,128.897001
JAX00719088,X,128.973174
JAX00184665,X,128.973681
JAX00184666,X,128.973764
UNC31328770,X,128.976769
JAX00719090,X,128.985817
JAX00184670,X,129.00903
JAX00719098,X,129.01129
JAX00184673,X,129.051831
UNC31329435,X,129.058846
JAX00719102,X,129.059759
JAX00184675,X,129.088513
JAX00719104,X,129.096179
JAX00719109,X,129.15073
JAX00719111,X,129.155941
JAX00184680,X,129.159969
JAX00184685,X,129.207684
UNC31330294,X,129.216676
JAX00719113,X,129.22387
JAX00719114,X,129.231131
JAX00184686,X,129.248442
JAX00719118,X,129.252387
JAX00719119,X,129.264683
JAX00719121,X,129.321139
JAX00719122,X,129.321151
UNC31331373,X,129.390175
JAX00184698,X,129.403297
JAX00184700,X,129.418119
JAX00719127,X,129.425042
JAX00719131,X,129.434906
JAX00719132,X,129.443694
JAX00184702,X,129.449648
UNC31331654,X,129.452165
JAX00719136,X,129.51239
JAX00719137,X,129.522785
JAX00184710,X,129.550614
UNC31332413,X,129.563155
JAX00719144,X,129.630059
JAX00719147,X,129.665069
JAX00719148,X,129.701028
UNC31333344,X,129.733941
JAX00184724,X,129.74561
JAX00719152,X,129.750968
JAX00719156,X,129.753863
JAX00239992,X,129.766204
JAX00184728,X,129.791082
JAX00184730,X,129.810343
JAX00239993,X,129.81507
JAX00719162,X,129.837245
JAX00184731,X,129.838778
JAX00184733,X,129.859653
JAX00719163,X,129.889735
UNC31334485,X,129.904663
JAX00184737,X,129.91143
JAX00184738,X,129.911604
JAX00184739,X,129.917336
JAX00719173,X,129.945853
JAX00184740,X,129.958605
JAX00719175,X,129.95959
UNC31334791,X,129.959828
JAX00719180,X,130.020381
JAX00719181,X,130.02044
JAX00719182,X,130.023733
UNC31335027,X,130.032564
JAX00719183,X,130.037522
JAX00719184,X,130.040293
JAX00184748,X,130.050035
JAX00719192,X,130.101782
JAX00719193,X,130.125014
JAX00719194,X,130.128902
UNC31335710,X,130.135579
JAX00719196,X,130.138257
JAX00184754,X,130.138456
JAX00719198,X,130.150163
JAX00184755,X,130.16985
JAX00184757,X,130.179355
JAX00719202,X,130.181136
JAX00719204,X,130.183222
JAX00719205,X,130.188243
JAX00184758,X,130.204643
UNC31336049,X,130.204695
JAX00719206,X,130.204944
JAX00719210,X,130.215233
JAX00719214,X,130.246083
JAX00719217,X,130.266597
JAX00719218,X,130.268686
JAX00184764,X,130.291046
UNC31336684,X,130.308238
JAX00184768,X,130.310074
JAX00184769,X,130.317583
JAX00240004,X,130.359778
JAX00719228,X,130.3607
JAX00719230,X,130.367877
JAX00719231,X,130.367934
JAX00719232,X,130.371531
JAX00719235,X,130.400888
JAX00719237,X,130.406956
JAX00184776,X,130.458886
JAX00719249,X,130.461823
JAX00719251,X,130.463168
JAX00719255,X,130.466193
JAX00719256,X,130.471418
UNC31338144,X,130.487343
JAX00184781,X,130.503965
UNC31338336,X,130.520743
JAX00719261,X,130.523988
JAX00719262,X,130.524857
JAX00719263,X,130.525028
JAX00719266,X,130.561208
JAX00184785,X,130.563664
UNC31338777,X,130.587855
UNC31338842,X,130.598641
JAX00184790,X,130.612695
JAX00719272,X,130.628145
UNC31339032,X,130.630408
JAX00184791,X,130.650514
JAX00719280,X,130.662413
JAX00719283,X,130.677397
UNC31339570,X,130.691703
JAX00184796,X,130.70403
JAX00184797,X,130.719265
JAX00719286,X,130.72505
JAX00184798,X,130.72656
JAX00184799,X,130.726978
UNC31339978,X,130.749239
UNC31340189,X,130.773327
JAX00719294,X,130.780119
JAX00719295,X,130.780156
JAX00719296,X,130.780178
UNC31340377,X,130.796081
UNC200039490,X,130.815725
UNC31340649,X,130.831732
JAX00719299,X,130.837992
JAX00184807,X,130.842469
JAX00184808,X,130.84251
JAX00719303,X,130.847164
UNC31340786,X,130.854875
UNC31340969,X,130.878918
UNC31341170,X,130.901329
UNC31341367,X,130.917649
JAX00719321,X,130.935805
UNC31341639,X,130.944241
UNC31341767,X,130.955866
UNC31341959,X,130.979359
JAX00719326,X,130.993286
UNC31342105,X,130.9941
JAX00184818,X,130.998689
JAX00184819,X,131.002493
UNC31342301,X,131.029309
UNC31342416,X,131.043582
UNC31342666,X,131.066804
JAX00184824,X,131.085593
JAX00719334,X,131.085769
UNC31342897,X,131.097962
JAX00719339,X,131.101105
UNC31343084,X,131.116264
JAX00184828,X,131.122692
UNC31343200,X,131.130753
UNC31343301,X,131.152493
JAX00719345,X,131.16121
UNC31343349,X,131.161727
UNC31343546,X,131.184203
UNC31343583,X,131.192734
UNC31343639,X,131.198266
UNC31343707,X,131.20661
UNC31343765,X,131.214967
UNC31343817,X,131.223038
UNC31343850,X,131.229808
JAX00719352,X,131.23537
UNC31343913,X,131.235474
UNC31344030,X,131.244679
JAX00719353,X,131.247686
UNC31344134,X,131.252905
JAX00719357,X,131.257038
JAX00719359,X,131.270403
JAX00184839,X,131.273112
JAX00719360,X,131.280281
JAX00719361,X,131.280456
JAX00719362,X,131.281354
JAX00719365,X,131.333904
JAX00184848,X,131.410737
JAX00184849,X,131.41082
JAX00184850,X,131.4114
JAX00719373,X,131.415088
JAX00719374,X,131.420252
JAX00184851,X,131.435886
JAX00719379,X,131.447639
JAX00184852,X,131.462798
JAX00719383,X,131.474166
JAX00184855,X,131.486918
JAX00719385,X,131.491551
JAX00719386,X,131.491784
UNC31346472,X,131.499737
JAX00184861,X,131.567487
JAX00719394,X,131.595465
UNC31347593,X,131.613048
JAX00184863,X,131.613343
JAX00184865,X,131.61442
UNC31348015,X,131.731006
backupUNC200692256,X,131.739943
JAX00184873,X,131.768563
JAX00184874,X,131.769295
JAX00184876,X,131.806758
JAX00719423,X,131.80735
JAX00719425,X,131.809845
UNC31349098,X,131.857109
JAX00184879,X,131.86202
JAX00719428,X,132.106216
JAX00719435,X,132.123663
JAX00184889,X,132.124312
JAX00719440,X,132.149005
JAX00184890,X,132.164192
JAX00719442,X,132.174007
JAX00184894,X,132.201376
JAX00719451,X,132.245748
JAX00719453,X,132.247159
JAX00719462,X,132.303204
JAX00719463,X,132.314525
JAX00184904,X,132.333484
JAX00719466,X,132.355842
JAX00184905,X,132.366689
JAX00184906,X,132.368533
JAX00719475,X,132.386864
JAX00240032,X,132.412078
JAX00719480,X,132.442489
JAX00719482,X,132.452634
JAX00184913,X,132.453456
JAX00719486,X,132.466456
UNC31352991,X,132.48845
JAX00719490,X,132.493516
JAX00719491,X,132.500716
JAX00240036,X,132.52922
JAX00719496,X,132.539799
JAX00719499,X,132.550252
JAX00719502,X,132.553991
backupJAX00184922,X,132.582545
JAX00719505,X,132.583248
JAX00719506,X,132.586511
JAX00719507,X,132.586548
JAX00719509,X,132.640098
JAX00719514,X,132.687436
JAX00184929,X,132.687957
JAX00719517,X,132.70718
JAX00719518,X,132.707423
UNC31355549,X,132.710942
JAX00719524,X,132.72616
JAX00719525,X,132.770094
JAX00719526,X,132.782071
JAX00719529,X,132.788957
JAX00184938,X,132.791388
JAX00719532,X,132.813714
JAX00184939,X,132.826757
JAX00719535,X,132.827772
JAX00184941,X,132.832095
JAX00719538,X,132.83224
JAX00719539,X,132.837526
UNC200040867,X,132.838173
JAX00719541,X,132.840887
JAX00184943,X,132.853207
JAX00719550,X,132.853296
JAX00719557,X,132.894513
JAX00719574,X,132.984894
JAX00719576,X,132.989571
JAX00719577,X,132.991042
JAX00184950,X,133.00198
UNC31357843,X,133.020919
JAX00184949,X,133.086232
JAX00719590,X,133.105709
JAX00184959,X,133.12484
JAX00719595,X,133.125728
JAX00184960,X,133.12986
JAX00719608,X,133.195833
JAX00184966,X,133.197966
JAX00184967,X,133.203765
JAX00719616,X,133.255726
JAX00719619,X,133.257968
UNC31359741,X,133.273488
JAX00184972,X,133.285721
JAX00184973,X,133.286274
JAX00184974,X,133.309993
JAX00719629,X,133.32936
UNC200263540,X,133.33254
UNC31360393,X,133.343415
JAX00184978,X,133.369345
JAX00719636,X,133.36967
JAX00719640,X,133.421803
JAX00184983,X,133.442525
JAX00719643,X,133.442542
UNC31361383,X,133.452689
JAX00719648,X,133.499506
JAX00184989,X,133.530976
JAX00719655,X,133.531177
JAX00719663,X,133.545964
JAX00719664,X,133.546093
UNC31362412,X,133.547849
JAX00719666,X,133.563555
JAX00719667,X,133.563634
JAX00184995,X,133.60274
JAX00719669,X,133.612125
JAX00719670,X,133.612305
JAX00184997,X,133.617426
JAX00185001,X,133.670448
JAX00719672,X,133.676654
JAX00719678,X,133.696971
JAX00185004,X,133.726299
JAX00185005,X,133.726346
JAX00719684,X,133.728744
JAX00185008,X,133.76319
JAX00719688,X,133.796284
JAX00719690,X,133.796916
JAX00185011,X,133.802495
JAX00185012,X,133.802576
JAX00719692,X,133.802609
JAX00185013,X,133.846544
UNC31365094,X,133.848473
JAX00719700,X,133.865041
JAX00719701,X,133.873783
JAX00185017,X,133.894891
JAX00719710,X,133.941194
UNC31365866,X,133.959877
JAX00185023,X,133.968977
JAX00719713,X,133.969665
JAX00719715,X,133.982357
JAX00240056,X,133.982557
JAX00240057,X,134.033763
JAX00185030,X,134.047898
JAX00719729,X,134.082751
JAX00719730,X,134.082828
JAX00185036,X,134.12841
JAX00719735,X,134.153411
JAX00719738,X,134.161359
JAX00719739,X,134.16476
JAX00185037,X,134.165269
UNC31367691,X,134.181079
JAX00719742,X,134.189477
JAX00240061,X,134.199777
JAX00719752,X,134.273337
JAX00719753,X,134.278366
UNC31368351,X,134.278846
JAX00185049,X,134.318175
JAX00185053,X,134.366268
UNC31369362,X,134.393873
JAX00719761,X,134.420389
JAX00185060,X,134.447297
JAX00719764,X,134.461732
JAX00719770,X,134.503607
JAX00719777,X,134.557317
JAX00719784,X,134.600631
JAX00185073,X,134.629861
UNC31371673,X,134.703757
JAX00185077,X,134.705925
JAX00719790,X,134.721682
JAX00185079,X,134.725037
JAX00185082,X,134.767212
JAX00240071,X,134.805544
JAX00240073,X,134.805823
JAX00185084,X,134.815467
JAX00719796,X,134.815706
JAX00719801,X,134.860943
JAX00185091,X,134.887694
JAX00719807,X,134.895238
JAX00719809,X,134.902648
JAX00185093,X,134.91703
UNC31373512,X,134.95961
JAX00719814,X,134.97289
JAX00719818,X,134.987973
JAX00185101,X,135.013038
JAX00719823,X,135.042019
JAX00719826,X,135.057147
JAX00719828,X,135.058732
JAX00719831,X,135.064276
JAX00719832,X,135.064368
UNC31374330,X,135.070602
JAX00185105,X,135.084779
JAX00185106,X,135.084812
JAX00719835,X,135.103833
JAX00240077,X,135.161631
JAX00185110,X,135.175274
JAX00185111,X,135.175318
JAX00185112,X,135.223765
JAX00185113,X,135.224984
JAX00719844,X,135.236974
JAX00185114,X,135.237096
UNC31375370,X,135.244862
JAX00185115,X,135.249318
JAX00719846,X,135.275443
JAX00719852,X,135.331653
JAX00240080,X,135.345063
JAX00719856,X,135.353606
UNC31376638,X,135.392611
JAX00719867,X,135.431221
JAX00719868,X,135.431637
JAX00719871,X,135.460067
JAX00185134,X,135.503238
JAX00719877,X,135.523789
JAX00719878,X,135.531815
UNC31378058,X,135.560397
JAX00185138,X,135.568752
UNC31378371,X,135.587107
JAX00185142,X,135.592984
UNC31378632,X,135.605864
UNC31378783,X,135.625804
JAX00719892,X,135.628752
JAX00719893,X,135.628931
UNC31378932,X,135.646718
UNC31379070,X,135.680254
UNC31379125,X,135.703053
JAX00719895,X,135.713039
UNC31379181,X,135.720592
JAX00719903,X,135.7482
UNC31379392,X,135.7512
UNC31379517,X,135.765207
JAX00719907,X,135.768435
JAX00719908,X,135.768776
JAX00719909,X,135.769217
JAX00185155,X,135.769337
UNC31379720,X,135.795883
JAX00719913,X,135.827385
JAX00719917,X,135.830424
JAX00719918,X,135.833562
UNC31380155,X,135.84512
JAX00719924,X,135.846078
UNC31380282,X,135.869431
JAX00185162,X,135.884275
JAX00185163,X,135.885708
JAX00185164,X,135.886466
JAX00719931,X,135.890402
JAX00719934,X,135.891086
UNC31380471,X,135.89186
UNC31380720,X,135.915021
JAX00719941,X,135.936709
UNC31380997,X,135.949637
JAX00719947,X,135.950734
JAX00719949,X,135.951106
JAX00719951,X,135.953164
JAX00719952,X,135.95337
JAX00719953,X,135.955023
backupUNC200714769,X,135.960245
UNC31381370,X,135.981867
JAX00185175,X,136.048339
JAX00719959,X,136.049257
JAX00719960,X,136.04944
UNC31381832,X,136.055804
JAX00185176,X,136.063291
JAX00719963,X,136.085997
JAX00719964,X,136.086958
JAX00719965,X,136.087357
JAX00719966,X,136.090621
JAX00719967,X,136.096291
JAX00719968,X,136.096312
JAX00719969,X,136.096382
UNC31382150,X,136.099744
JAX00240096,X,136.101958
JAX00185180,X,136.123153
UNC31382566,X,136.146806
JAX00185183,X,136.16626
UNC31382848,X,136.178298
UNC31383008,X,136.197264
JAX00240099,X,136.220301
UNC31383300,X,136.225039
JAX00185190,X,136.230617
JAX00719983,X,136.251413
JAX00719987,X,136.273714
UNC31383800,X,136.276937
JAX00719996,X,136.315336
JAX00719998,X,136.319607
UNC31384274,X,136.321324
JAX00720000,X,136.324975
JAX00720002,X,136.327276
UNC31384435,X,136.343264
JAX00720005,X,136.34405
JAX00720007,X,136.346502
JAX00185198,X,136.362369
UNC31384599,X,136.362507
JAX00720012,X,136.383307
UNC31384907,X,136.397328
JAX00720019,X,136.403797
JAX00185202,X,136.409384
JAX00720021,X,136.438399
UNC31385348,X,136.440924
JAX00185204,X,136.442077
JAX00185205,X,136.442119
JAX00185206,X,136.443642
JAX00720024,X,136.443914
UNC31385491,X,136.46391
JAX00185207,X,136.475293
JAX00720027,X,136.480375
UNC31385641,X,136.492254
JAX00185209,X,136.502865
JAX00720029,X,136.503732
JAX00720031,X,136.511739
JAX00720032,X,136.511862
UNC31385860,X,136.521428
JAX00185211,X,136.529458
UNC31386085,X,136.55794
JAX00185213,X,136.561481
UNC31386211,X,136.577933
UNC31386390,X,136.609527
JAX00720047,X,136.610709
JAX00185216,X,136.614701
JAX00720048,X,136.617079
JAX00720049,X,136.618686
JAX00185218,X,136.627154
JAX00185219,X,136.628973
UNC31386546,X,136.639988
UNC31386750,X,136.67174
JAX00720058,X,136.679779
JAX00185222,X,136.69263
JAX00720059,X,136.692977
UNC31387014,X,136.700775
JAX00720063,X,136.720651
JAX00240106,X,136.720817
UNC31387173,X,136.72219
JAX00185225,X,136.726722
JAX00185226,X,136.727666
JAX00720067,X,136.743744
JAX00720068,X,136.750263
UNC31387496,X,136.771523
JAX00720071,X,136.791061
JAX00720072,X,136.794714
UNC31387765,X,136.804557
JAX00720076,X,136.805873
UNC31387903,X,136.818775
JAX00720080,X,136.828937
JAX00720084,X,136.846099
JAX00185234,X,136.848441
JAX00720085,X,136.850555
JAX00720086,X,136.85931
UNC31388446,X,136.876947
JAX00720089,X,136.884672
JAX00720090,X,136.891851
JAX00720100,X,136.937799
JAX00720101,X,136.93937
JAX00720104,X,136.953318
JAX00720107,X,136.95615
JAX00185245,X,136.971119
JAX00720111,X,137.002398
JAX00185246,X,137.00792
JAX00720113,X,137.020791
JAX00720114,X,137.021308
JAX00720115,X,137.021471
JAX00720117,X,137.025604
JAX00185249,X,137.033838
JAX00720118,X,137.049443
JAX00720119,X,137.052532
UNC31390186,X,137.073903
JAX00720121,X,137.08341
JAX00185254,X,137.090927
JAX00185256,X,137.110944
JAX00720128,X,137.116317
JAX00240111,X,137.139357
JAX00720131,X,137.150129
JAX00720132,X,137.180144
JAX00185261,X,137.202281
JAX00185262,X,137.209807
JAX00720136,X,137.210717
JAX00720137,X,137.220267
JAX00720139,X,137.224576
JAX00720140,X,137.231451
UNC31391395,X,137.239402
UNC31391530,X,137.246051
backupUNC200041972,X,137.248663
JAX00185264,X,137.24978
JAX00720150,X,137.268802
JAX00720153,X,137.286796
JAX00185269,X,137.286979
JAX00185271,X,137.344294
JAX00720155,X,137.37231
JAX00720159,X,137.38509
backupUNC200199758,X,137.406258
JAX00185278,X,137.418603
JAX00720164,X,137.426724
JAX00720165,X,137.438564
JAX00185280,X,137.44903
JAX00185281,X,137.449655
UNC31393542,X,137.464955
UNC31393552,X,137.466186
UNC31393609,X,137.472855
UNC31393691,X,137.484381
JAX00720168,X,137.487801
JAX00185284,X,137.488454
UNC31393867,X,137.506018
JAX00720170,X,137.508962
JAX00185286,X,137.511263
UNC31393947,X,137.513278
JAX00720173,X,137.518825
UNC31394076,X,137.527205
UNC31394133,X,137.593507
JAX00720177,X,137.604023
UNC31394272,X,137.606314
JAX00720179,X,137.608992
JAX00185290,X,137.610337
UNC31394357,X,137.618229
JAX00720194,X,137.635337
UNC31394714,X,137.651922
JAX00720199,X,137.662256
JAX00720200,X,137.662642
JAX00720202,X,137.662963
UNC31394818,X,137.663393
JAX00185295,X,137.688723
JAX00720206,X,137.713504
UNC31395516,X,137.752751
JAX00720209,X,137.759321
JAX00185300,X,137.761618
backupUNC200199933,X,137.761964
JAX00720216,X,137.779876
JAX00720218,X,137.788887
JAX00185303,X,137.809041
JAX00185304,X,137.809578
JAX00720219,X,137.809801
JAX00720220,X,137.812649
JAX00720222,X,137.824026
JAX00720223,X,137.825326
JAX00720224,X,137.832034
JAX00720226,X,137.832444
JAX00185308,X,137.850814
JAX00720230,X,137.859077
JAX00720231,X,137.862639
JAX00185309,X,137.888143
JAX00720238,X,137.919514
JAX00185313,X,137.930188
JAX00185314,X,137.93024
JAX00720242,X,137.94483
JAX00240118,X,137.946298
JAX00720243,X,137.973483
JAX00720249,X,138.010885
JAX00720250,X,138.01118
UNC31397638,X,138.013813
JAX00720251,X,138.014719
JAX00185321,X,138.044711
JAX00185322,X,138.044918
UNC31398113,X,138.075554
JAX00720262,X,138.088882
JAX00720263,X,138.089343
JAX00720264,X,138.090225
JAX00720265,X,138.090754
JAX00185328,X,138.128722
UNC31398757,X,138.146144
JAX00185330,X,138.162908
JAX00185332,X,138.16715
JAX00185334,X,138.208476
JAX00720272,X,138.211689
JAX00720275,X,138.218072
JAX00720277,X,138.220283
JAX00720283,X,138.248347
JAX00720286,X,138.261648
JAX00720289,X,138.301038
UNC31400006,X,138.316019
JAX00185342,X,138.322052
JAX00185343,X,138.322089
JAX00185348,X,138.410583
UNC31400930,X,138.455858
JAX00720304,X,138.457081
JAX00185352,X,138.459144
JAX00185355,X,138.496456
JAX00720310,X,138.5039
JAX00185356,X,138.505094
JAX00720312,X,138.515414
JAX00720313,X,138.517259
JAX00185358,X,138.529853
UNC31401539,X,138.54082
JAX00185361,X,138.551774
JAX00720330,X,138.591373
JAX00720331,X,138.59941
JAX00720333,X,138.603079
JAX00720335,X,138.606331
JAX00185366,X,138.633792
JAX00185368,X,138.662863
JAX00185370,X,138.673012
UNC31402360,X,138.68885
JAX00720349,X,138.707697
JAX00240136,X,138.719251
JAX00185373,X,138.725891
JAX00720351,X,138.736786
JAX00720352,X,138.762243
JAX00185377,X,138.770109
UNC31403222,X,138.787673
JAX00720357,X,138.793709
JAX00720358,X,138.793765
JAX00185378,X,138.808
UNC200042788,X,138.846542
JAX00720370,X,138.84845
JAX00720372,X,138.882602
JAX00720373,X,138.883001
JAX00720379,X,138.909882
JAX00720381,X,138.915957
JAX00720383,X,138.916222
UNC31404720,X,138.929799
JAX00720385,X,138.946054
JAX00185390,X,138.961052
JAX00720391,X,138.975076
JAX00720393,X,138.977976
JAX00185391,X,138.984574
JAX00185392,X,138.986923
UNC200043090,X,138.997881
JAX00185395,X,139.013748
JAX00720398,X,139.014551
UNC31405894,X,139.057572
JAX00185404,X,139.126819
UNC31406574,X,139.130735
JAX00720416,X,139.158973
JAX00185407,X,139.187565
JAX00720425,X,139.222955
JAX00240144,X,139.253691
JAX00240145,X,139.253903
JAX00720432,X,139.256561
JAX00185413,X,139.265553
UNC200043244,X,139.282913
UNC31408056,X,139.2875
JAX00720435,X,139.287965
JAX00720438,X,139.308715
UNC31408194,X,139.315068
JAX00720443,X,139.318961
JAX00720444,X,139.322783
JAX00720445,X,139.322999
JAX00720448,X,139.324061
JAX00185417,X,139.332511
JAX00720449,X,139.332913
JAX00185418,X,139.33522
UNC31408369,X,139.337452
JAX00185419,X,139.3457
JAX00720453,X,139.347937
UNC31408585,X,139.359593
JAX00720458,X,139.376205
JAX00185420,X,139.37655
JAX00720459,X,139.377862
UNC31408937,X,139.404897
JAX00240149,X,139.40823
JAX00185423,X,139.408802
JAX00185425,X,139.409209
B6_X-139425208-S,X,139.425208
UNC31409134,X,139.428677
JAX00720466,X,139.463098
JAX00185428,X,139.467013
JAX00720469,X,139.47504
JAX00720472,X,139.48474
JAX00720473,X,139.484828
UNC31409692,X,139.492921
JAX00185429,X,139.502719
JAX00185430,X,139.503435
UNC200200879,X,139.513752
JAX00720482,X,139.518821
UNC31409919,X,139.528288
JAX00185434,X,139.533958
JAX00720484,X,139.536495
JAX00185435,X,139.553708
JAX00240150,X,139.559346
UNC31410187,X,139.565146
UNC31410305,X,139.588602
UNC31410553,X,139.62697
JAX00720495,X,139.629511
UNC31410829,X,139.649732
JAX00185443,X,139.662114
UNC31411259,X,139.699558
JAX00185447,X,139.711327
JAX00720503,X,139.71884
UNC31411499,X,139.726023
JAX00240155,X,139.727905
JAX00720504,X,139.730868
JAX00720505,X,139.73228
JAX00720507,X,139.736501
JAX00720508,X,139.752053
JAX00720509,X,139.752219
UNC31411806,X,139.756807
JAX00720511,X,139.761006
JAX00185450,X,139.764684
UNC31412308,X,139.805499
JAX00720517,X,139.81625
JAX00720518,X,139.822895
JAX00720520,X,139.824839
JAX00720522,X,139.826621
JAX00185456,X,139.84394
UNC31412770,X,139.849866
UNC31413071,X,139.882025
JAX00720526,X,139.902744
JAX00720528,X,139.911834
UNC31413378,X,139.913136
JAX00720529,X,139.922868
UNC31413838,X,139.958239
JAX00720534,X,139.968531
JAX00720535,X,139.968644
JAX00720536,X,139.969597
UNC31414073,X,139.979285
JAX00185469,X,140.00488
UNC31414389,X,140.0105
JAX00720545,X,140.01566
UNC31414650,X,140.042023
JAX00720548,X,140.048699
JAX00720553,X,140.069614
UNC31414970,X,140.073198
JAX00720556,X,140.074362
JAX00240159,X,140.085792
UNC31415090,X,140.089843
JAX00185476,X,140.091264
JAX00720559,X,140.094186
JAX00720566,X,140.111793
UNC31415394,X,140.12823
UNC200201505,X,140.128599
JAX00720567,X,140.134721
JAX00185478,X,140.138893
JAX00720568,X,140.140374
JAX00720569,X,140.140407
JAX00240162,X,140.161014
UNC31415905,X,140.176263
UNC31416134,X,140.209951
JAX00185483,X,140.210039
JAX00185484,X,140.210086
JAX00720572,X,140.210203
UNC31416343,X,140.233577
UNC31416517,X,140.257442
UNC31416811,X,140.288301
JAX00240165,X,140.30866
JAX00185492,X,140.3098
UNC31417141,X,140.326121
JAX00720589,X,140.329638
JAX00720590,X,140.330443
JAX00185496,X,140.355474
UNC31417457,X,140.356527
JAX00720594,X,140.356775
JAX00720596,X,140.361492
JAX00240166,X,140.399777
UNC31417978,X,140.426858
JAX00720606,X,140.467864
JAX00185505,X,140.485401
JAX00720613,X,140.511021
UNC31418531,X,140.522834
JAX00185508,X,140.52639
JAX00185509,X,140.529379
JAX00720620,X,140.599297
JAX00720621,X,140.59966
JAX00720622,X,140.599756
JAX00720623,X,140.59994
UNC31419660,X,140.648561
JAX00185518,X,140.649757
JAX00720632,X,140.656081
JAX00185519,X,140.687859
UNC31419990,X,140.694962
UNC200043724,X,140.697976
UNC31420222,X,140.734784
JAX00720635,X,140.736404
JAX00720636,X,140.736464
JAX00185525,X,140.748784
JAX00185526,X,140.749707
JAX00720637,X,140.758132
JAX00720638,X,140.759736
UNC31420600,X,140.776056
JAX00720640,X,140.779861
JAX00720643,X,140.784893
JAX00720645,X,140.793644
UNC31420834,X,140.808077
JAX00240172,X,140.809843
JAX00720651,X,140.818958
JAX00720652,X,140.823811
JAX00720654,X,140.853547
JAX00720655,X,140.854424
JAX00720656,X,140.854726
UNC31421546,X,140.887927
JAX00720658,X,140.894592
JAX00185534,X,140.894687
JAX00185536,X,140.895056
JAX00720659,X,140.918514
JAX00185543,X,140.991093
JAX00240175,X,141.00029
JAX00720674,X,141.033794
JAX00185546,X,141.033935
JAX00185548,X,141.042229
UNC31422934,X,141.045974
JAX00720677,X,141.05923
JAX00185550,X,141.087477
JAX00720683,X,141.09231
JAX00185554,X,141.124579
JAX00720684,X,141.125016
JAX00720685,X,141.15542
JAX00720687,X,141.161965
JAX00185556,X,141.169565
JAX00720692,X,141.188412
JAX00720693,X,141.200452
JAX00720695,X,141.200972
JAX00185560,X,141.207396
JAX00720696,X,141.207439
JAX00185563,X,141.24634
JAX00720697,X,141.263954
JAX00185566,X,141.288573
JAX00720701,X,141.319865
JAX00720705,X,141.327483
JAX00185569,X,141.330991
JAX00240181,X,141.404705
JAX00240182,X,141.404734
JAX00185576,X,141.439996
JAX00720720,X,141.465561
JAX00720721,X,141.465691
JAX00185579,X,141.492042
JAX00185580,X,141.492164
JAX00720722,X,141.496088
JAX00720723,X,141.505699
JAX00720725,X,141.540451
JAX00240184,X,141.541093
JAX00185585,X,141.555889
JAX00185586,X,141.562579
JAX00240188,X,141.593989
JAX00185588,X,141.602764
JAX00720733,X,141.660896
JAX00720734,X,141.661704
JAX00185595,X,141.687332
JAX00720738,X,141.707174
JAX00720740,X,141.714531
JAX00720743,X,141.743717
JAX00720744,X,141.743731
JAX00185599,X,141.745463
JAX00185601,X,141.769872
UNC31429562,X,141.792095
JAX00720750,X,141.794824
JAX00720751,X,141.798112
JAX00240190,X,141.798667
JAX00185603,X,141.807024
JAX00720755,X,141.809022
JAX00720757,X,141.828218
JAX00185607,X,141.847464
JAX00720761,X,141.86227
JAX00720762,X,141.862639
JAX00720764,X,141.865801
UNC200885683,X,141.868689
JAX00185609,X,141.888728
JAX00240194,X,141.898911
JAX00720768,X,141.906769
JAX00185612,X,141.90949
JAX00720774,X,141.923284
JAX00185614,X,141.924241
JAX00720777,X,141.939077
UNC31431373,X,141.976322
JAX00720784,X,142.013949
JAX00720787,X,142.015311
JAX00185624,X,142.080515
JAX00720797,X,142.088271
JAX00720799,X,142.092622
JAX00720802,X,142.106786
JAX00720806,X,142.1314
UNC31432968,X,142.139995
JAX00720809,X,142.14326
JAX00720813,X,142.188793
JAX00185634,X,142.210206
JAX00185635,X,142.210246
JAX00720815,X,142.210947
JAX00720816,X,142.223723
JAX00185646,X,142.375568
JAX00185647,X,142.375812
JAX00720830,X,142.392573
JAX00185648,X,142.409422
JAX00720835,X,142.434819
JAX00185653,X,142.452836
JAX00720837,X,142.465096
JAX00720839,X,142.465558
JAX00185654,X,142.480329
JAX00720847,X,142.529965
JAX00720850,X,142.55541
JAX00185662,X,142.569574
JAX00720852,X,142.570866
JAX00720857,X,142.603982
JAX00720863,X,142.636409
UNC31437303,X,142.64245
JAX00185666,X,142.648665
JAX00185668,X,142.649178
JAX00720866,X,142.703267
JAX00720869,X,142.706517
JAX00240198,X,142.719113
JAX00720871,X,142.723804
JAX00185674,X,142.726844
JAX00720877,X,142.743518
JAX00720879,X,142.786498
JAX00720880,X,142.786994
JAX00720882,X,142.80433
JAX00185678,X,142.804542
JAX00185679,X,142.804639
JAX00720884,X,142.818545
JAX00720885,X,142.818663
JAX00720888,X,142.837249
JAX00185682,X,142.849756
JAX00185683,X,142.849802
JAX00720890,X,142.86911
JAX00720891,X,142.884926
UNC31439927,X,142.885968
JAX00185685,X,142.888932
JAX00720896,X,142.906662
JAX00720898,X,142.907115
JAX00720900,X,142.947804
JAX00720901,X,142.954107
UNC200886512,X,142.967717
JAX00185690,X,142.970275
JAX00720904,X,142.986175
JAX00185696,X,143.04439
JAX00720912,X,143.069057
JAX00720913,X,143.079689
JAX00240206,X,143.107063
JAX00720918,X,143.116303
JAX00185702,X,143.129204
JAX00185703,X,143.129269
JAX00720921,X,143.150083
JAX00185711,X,143.239958
JAX00185713,X,143.253901
UNC200044271,X,143.263896
JAX00720934,X,143.275337
JAX00185714,X,143.289259
JAX00185715,X,143.289543
JAX00720936,X,143.320022
JAX00185718,X,143.321581
JAX00720940,X,143.32504
JAX00720941,X,143.327091
JAX00720942,X,143.32767
JAX00185721,X,143.366471
JAX00185724,X,143.41252
JAX00720946,X,143.433167
JAX00720949,X,143.436062
JAX00720951,X,143.436794
JAX00185725,X,143.443738
JAX00185726,X,143.448498
UNC31445154,X,143.486643
JAX00185730,X,143.489739
JAX00185731,X,143.527251
JAX00185735,X,143.571972
JAX00720962,X,143.577526
JAX00720963,X,143.579235
JAX00240213,X,143.579359
UNC200202584,X,143.587588
JAX00185739,X,143.608618
JAX00720970,X,143.635205
JAX00185742,X,143.647704
JAX00720979,X,143.668907
UNC31447028,X,143.686507
JAX00720987,X,143.745956
JAX00185749,X,143.769103
JAX00185750,X,143.769121
JAX00720989,X,143.772348
JAX00240216,X,143.787666
JAX00720990,X,143.797312
JAX00720993,X,143.823319
JAX00720994,X,143.835151
JAX00185756,X,143.849394
JAX00721005,X,143.932914
JAX00721007,X,143.941649
JAX00721009,X,143.942441
JAX00721010,X,143.956636
JAX00721011,X,143.957466
JAX00185764,X,143.964322
JAX00721013,X,143.965412
JAX00185767,X,143.995468
JAX00185769,X,144.007229
JAX00721014,X,144.032446
JAX00721015,X,144.043558
JAX00185774,X,144.104004
JAX00721025,X,144.127708
JAX00721028,X,144.179612
JAX00721034,X,144.192612
JAX00721038,X,144.204573
UNC200242317,X,145.300038
JAX00185787,X,146.550583
JAX00185791,X,146.593912
backupUNC200759367,X,146.601052
JAX00185793,X,146.641734
JAX00721048,X,146.642844
JAX00721049,X,146.642893
JAX00185795,X,146.675219
JAX00185796,X,146.675382
JAX00721050,X,146.695515
JAX00721051,X,146.695911
JAX00721053,X,146.70187
JAX00721057,X,146.720262
JAX00185807,X,146.832378
JAX00185808,X,146.833419
JAX00721075,X,146.910949
JAX00185813,X,146.911907
JAX00721077,X,146.912646
JAX00721080,X,146.945922
JAX00185817,X,146.954808
JAX00185818,X,146.954858
JAX00721081,X,146.983701
JAX00721085,X,147.003206
JAX00185821,X,147.004797
JAX00721092,X,147.027247
JAX00185823,X,147.028775
JAX00721093,X,147.04887
JAX00721094,X,147.048885
JAX00721096,X,147.057715
JAX00185826,X,147.061126
JAX00721102,X,147.093042
JAX00185828,X,147.111042
JAX00185829,X,147.121737
JAX00721103,X,147.12211
JAX00721104,X,147.14425
JAX00721105,X,147.144554
JAX00185834,X,147.201083
JAX00185835,X,147.201241
JAX00185836,X,147.204936
JAX00185838,X,147.238528
JAX00721112,X,147.243204
UNC31456355,X,147.261776
JAX00185841,X,147.268691
JAX00721115,X,147.272042
JAX00721117,X,147.281901
JAX00721119,X,147.319991
JAX00721123,X,147.3592
JAX00721125,X,147.364828
UNC31457383,X,147.384668
JAX00721131,X,147.408605
JAX00721132,X,147.423312
UNC200203655,X,147.437606
JAX00721134,X,147.441076
JAX00240251,X,147.491619
JAX00185856,X,147.491988
JAX00721139,X,147.502717
JAX00185858,X,147.509263
JAX00721143,X,147.52826
JAX00185861,X,147.534419
UNC31458930,X,147.573597
JAX00240255,X,147.582929
JAX00185864,X,147.584203
JAX00185866,X,147.596938
UNC31459340,X,147.623775
JAX00185868,X,147.634739
JAX00185869,X,147.635038
JAX00721159,X,147.718931
JAX00721161,X,147.730458
JAX00721165,X,147.750273
JAX00185876,X,147.751317
JAX00721166,X,147.754126
JAX00185877,X,147.75552
JAX00185878,X,147.755642
UNC31460136,X,147.756133
JAX00721168,X,147.771323
JAX00721172,X,147.774192
JAX00721173,X,147.782364
JAX00721174,X,147.784254
JAX00721176,X,147.784778
JAX00185882,X,147.819157
UNC31460803,X,147.838259
JAX00721180,X,147.85698
JAX00721182,X,147.87273
JAX00185885,X,147.874491
JAX00185886,X,147.879165
B6_X-147904667-S,X,147.904667
JAX00721187,X,147.904698
backupUNC200204428,X,147.907475
JAX00721189,X,147.919865
UNC31461503,X,147.943967
JAX00721192,X,147.975528
UNC31461703,X,147.983693
JAX00185896,X,147.995717
JAX00721194,X,148.002733
JAX00721197,X,148.005795
JAX00185897,X,148.019844
JAX00721198,X,148.020438
JAX00185898,X,148.028753
JAX00721202,X,148.034486
UNC31462169,X,148.068995
JAX00185901,X,148.072782
JAX00185905,X,148.110363
JAX00721211,X,148.121751
JAX00721212,X,148.131578
UNC31462806,X,148.186394
JAX00721214,X,148.188226
JAX00721216,X,148.188451
JAX00721218,X,148.211137
UNC31463170,X,148.252565
JAX00185915,X,148.276375
JAX00721225,X,148.289349
JAX00185917,X,148.295129
UNC31463409,X,148.299899
JAX00721226,X,148.302969
JAX00721227,X,148.3205
JAX00721228,X,148.326737
JAX00185919,X,148.33191
JAX00185921,X,148.354031
JAX00721235,X,148.368749
UNC31463752,X,148.372319
JAX00185923,X,148.379464
JAX00240265,X,148.385369
JAX00185925,X,148.408614
JAX00721239,X,148.408626
JAX00721240,X,148.410546
UNC31464091,X,148.422249
JAX00185927,X,148.440255
JAX00721244,X,148.468525
JAX00185929,X,148.472249
JAX00185931,X,148.475009
JAX00721247,X,148.476149
JAX00721248,X,148.494287
UNC31464655,X,148.496885
JAX00721251,X,148.501545
JAX00185934,X,148.525529
UNC31465217,X,148.557413
JAX00185939,X,148.592972
JAX00721261,X,148.601247
JAX00721263,X,148.611457
JAX00721264,X,148.61285
JAX00721269,X,148.666461
JAX00721270,X,148.666511
JAX00185944,X,148.672433
UNC31466064,X,148.682654
JAX00185947,X,148.696653
JAX00185948,X,148.710002
backupUNC200045123,X,148.744427
UNC31466548,X,148.751441
JAX00721281,X,148.764106
UNC31466848,X,148.804765
JAX00721292,X,148.844101
JAX00185960,X,148.883145
UNC31467123,X,148.886369
JAX00721294,X,148.898369
UNC31467262,X,148.918971
JAX00721295,X,148.919852
JAX00721296,X,148.920018
UNC200045337,X,148.94678
JAX00185965,X,148.948074
JAX00185958,X,148.948074
JAX00185966,X,148.948209
JAX00185957,X,148.948209
JAX00240271,X,149.001215
UNC31468050,X,149.051622
JAX00721311,X,149.058049
JAX00721314,X,149.067763
JAX00721317,X,149.079402
JAX00721334,X,149.182711
JAX00185985,X,149.187446
JAX00721339,X,149.219224
UNC31469374,X,149.235614
JAX00721343,X,149.246412
JAX00240272,X,149.290646
JAX00721346,X,149.292513
JAX00185994,X,149.314613
JAX00185995,X,149.336991
JAX00186000,X,149.39459
JAX00721362,X,149.403639
JAX00721363,X,149.404283
JAX00721365,X,149.406049
JAX00721369,X,149.409825
JAX00186002,X,149.419898
JAX00186003,X,149.420564
JAX00240275,X,149.435006
UNC31470943,X,149.480285
JAX00721374,X,149.498804
JAX00721380,X,149.504856
JAX00186007,X,149.517302
JAX00721385,X,149.564265
JAX00186012,X,149.567672
backupUNC200223037,X,149.577077
JAX00721390,X,149.59778
JAX00721391,X,149.597813
JAX00721392,X,149.598053
JAX00721395,X,149.60429
JAX00721400,X,149.666821
JAX00721402,X,149.671173
JAX00186020,X,149.6746
JAX00721404,X,149.679684
JAX00721405,X,149.679751
JAX00721406,X,149.683725
JAX00721408,X,149.684848
JAX00240279,X,149.692215
JAX00240280,X,149.692333
JAX00721412,X,149.69499
JAX00186022,X,149.7104
JAX00721415,X,149.721867
JAX00186025,X,149.744253
UNC31473495,X,149.756628
JAX00186027,X,149.757577
JAX00186031,X,149.832422
JAX00721434,X,149.894612
JAX00721435,X,149.903929
JAX00186038,X,149.912122
JAX00721437,X,149.9189
JAX00721439,X,149.925849
JAX00186042,X,149.96729
UNC200046565,X,149.967835
JAX00721446,X,149.985671
JAX00186044,X,149.992768
UNC31475554,X,150.000163
JAX00721453,X,150.005241
JAX00721456,X,150.033787
JAX00721457,X,150.033799
JAX00186046,X,150.033916
JAX00186050,X,150.079519
JAX00186053,X,150.11692
JAX00186054,X,150.117255
JAX00721460,X,150.117645
JAX00721461,X,150.122273
JAX00721463,X,150.12854
JAX00186055,X,150.137381
JAX00721466,X,150.137444
JAX00186057,X,150.143067
JAX00721472,X,150.195507
JAX00186063,X,150.241626
JAX00721475,X,150.267727
JAX00186065,X,150.273677
JAX00721478,X,150.297725
JAX00721480,X,150.301213
JAX00186068,X,150.312529
JAX00721481,X,150.322971
JAX00186073,X,150.391903
JAX00186074,X,150.392064
JAX00721484,X,150.393055
JAX00721490,X,150.412743
JAX00721491,X,150.412934
JAX00721495,X,150.616173
JAX00721496,X,150.616201
JAX00721506,X,150.700977
JAX00186089,X,150.735003
JAX00186090,X,150.7352
JAX00240288,X,150.769843
JAX00721509,X,150.777406
JAX00721510,X,150.77766
JAX00721512,X,150.82485
JAX00721513,X,150.827096
JAX00721514,X,150.827621
JAX00186094,X,150.834281
JAX00721518,X,150.838137
JAX00721520,X,150.838394
JAX00721521,X,150.838709
JAX00186100,X,150.910318
JAX00186101,X,150.910346
backupJAX00186102,X,150.910876
JAX00186103,X,150.944851
JAX00721531,X,150.962059
JAX00721534,X,150.962755
JAX00721535,X,150.966329
UNC31480566,X,150.978636
JAX00186110,X,151.037758
JAX00186120,X,151.186486
JAX00186121,X,151.186965
JAX00186122,X,151.187109
JAX00721547,X,151.18717
JAX00721551,X,151.216721
JAX00721552,X,151.225401
JAX00186123,X,151.228429
JAX00721553,X,151.251962
JAX00721554,X,151.257295
JAX00186126,X,151.275602
JAX00186127,X,151.276047
JAX00721556,X,151.277758
JAX00721561,X,151.306107
JAX00721564,X,151.33079
JAX00721565,X,151.336524
JAX00240297,X,151.338048
JAX00721567,X,151.397594
JAX00721573,X,151.407733
JAX00186141,X,151.529317
JAX00186142,X,151.550995
JAX00721585,X,151.599616
JAX00721594,X,151.682852
JAX00721601,X,151.715769
JAX00721604,X,151.776813
JAX00240310,X,151.795331
JAX00186162,X,151.801856
JAX00721608,X,151.832617
UNC31485598,X,151.841406
UNC31485880,X,151.864217
JAX00721613,X,151.868695
JAX00186168,X,151.876089
JAX00721615,X,151.877612
JAX00186172,X,151.951525
JAX00186177,X,151.997181
UNC31486781,X,152.000892
JAX00721623,X,152.01366
JAX00721625,X,152.029468
JAX00186178,X,152.031754
JAX00186179,X,152.031781
JAX00721627,X,152.032635
JAX00721628,X,152.032821
JAX00721630,X,152.036828
JAX00721633,X,152.041092
JAX00186181,X,152.073148
JAX00186182,X,152.073288
JAX00721638,X,152.108998
JAX00186184,X,152.110706
JAX00186186,X,152.11562
JAX00186187,X,152.14428
JAX00186188,X,152.151165
JAX00186189,X,152.151349
JAX00721644,X,152.161973
JAX00721645,X,152.162177
JAX00721649,X,152.203573
JAX00721650,X,152.204204
JAX00721651,X,152.212779
JAX00721652,X,152.213056
JAX00721655,X,152.228104
UNC31488603,X,152.240222
JAX00186197,X,152.265727
JAX00186198,X,152.265858
UNC31489227,X,152.336824
JAX00240319,X,152.398257
JAX00186207,X,152.403655
JAX00721671,X,152.456074
JAX00721672,X,152.478702
JAX00186212,X,152.481575
JAX00721673,X,152.492933
JAX00186216,X,152.533601
JAX00721681,X,152.561387
JAX00721683,X,152.561769
JAX00186224,X,152.622353
UNC31491598,X,152.690385
JAX00186229,X,152.71957
JAX00721693,X,152.719737
JAX00186230,X,152.722004
JAX00186231,X,152.722051
JAX00721697,X,152.740547
JAX00721698,X,152.741508
JAX00721699,X,152.758867
JAX00186233,X,152.760402
JAX00721701,X,152.767983
JAX00186237,X,152.794089
UNC31492610,X,152.83422
JAX00186239,X,152.834966
JAX00721703,X,152.848427
JAX00186243,X,152.86686
JAX00721705,X,152.867087
JAX00721708,X,152.910356
JAX00721710,X,152.922532
JAX00721714,X,152.925452
JAX00240326,X,152.92627
UNC31493524,X,152.943531
JAX00186247,X,152.953782
JAX00721716,X,152.971883
JAX00240327,X,153.001383
UNC200207043,X,153.00887
UNC31494096,X,153.025629
JAX00721721,X,153.046157
JAX00721722,X,153.046862
JAX00721723,X,153.070016
JAX00186257,X,153.07563
JAX00186259,X,153.098652
UNC31494603,X,153.106546
UNC31495131,X,153.193517
JAX00721736,X,153.197857
JAX00721739,X,153.219577
JAX00186270,X,153.243987
JAX00721742,X,153.255041
JAX00721743,X,153.259694
JAX00721746,X,153.268608
JAX00721747,X,153.276345
UNC31495724,X,153.288501
JAX00186274,X,153.312505
JAX00186275,X,153.312541
UNC31496095,X,153.343828
JAX00186282,X,153.394989
JAX00721755,X,153.397337
JAX00721756,X,153.400393
JAX00721757,X,153.404977
JAX00186283,X,153.4279
UNC31496651,X,153.433955
JAX00721760,X,153.440034
JAX00721763,X,153.44694
JAX00721765,X,153.449387
JAX00721766,X,153.453456
JAX00721768,X,153.459486
JAX00186287,X,153.460357
JAX00721770,X,153.467517
JAX00186289,X,153.518834
JAX00721771,X,153.520137
JAX00721774,X,153.524386
JAX00721775,X,153.542699
JAX00186292,X,153.542997
JAX00721777,X,153.559188
JAX00186294,X,153.573218
JAX00721780,X,153.573289
JAX00186295,X,153.574197
backupUNC200243544,X,153.622959
UNC31498203,X,153.625646
JAX00186300,X,153.639437
JAX00721789,X,153.644656
JAX00186301,X,153.654169
JAX00721790,X,153.658519
JAX00721792,X,153.661843
JAX00186302,X,153.670048
JAX00721795,X,153.670177
JAX00721797,X,153.713366
JAX00186304,X,153.7137
JAX00186306,X,153.731235
JAX00186307,X,153.735723
JAX00721800,X,153.741628
JAX00721801,X,153.761345
JAX00721802,X,153.768349
JAX00721803,X,153.769772
UNC31499614,X,153.778744
JAX00240337,X,153.780023
JAX00721804,X,153.791255
JAX00721805,X,153.793402
JAX00721807,X,153.793797
JAX00186311,X,153.810193
JAX00186312,X,153.812334
JAX00721809,X,153.817034
JAX00186315,X,153.840888
JAX00240340,X,153.872146
JAX00240341,X,153.87219
JAX00721813,X,153.874429
JAX00721815,X,153.875066
JAX00186316,X,153.882349
JAX00721821,X,153.917316
JAX00721822,X,153.91918
JAX00721823,X,153.919454
UNC31501229,X,153.933584
JAX00721826,X,153.934648
JAX00721827,X,153.939068
JAX00721829,X,153.939431
JAX00186322,X,153.939936
JAX00721830,X,153.943192
UNC31501345,X,153.943846
JAX00186323,X,153.946891
JAX00186327,X,153.99768
JAX00240346,X,154.000449
JAX00240348,X,154.000581
JAX00721833,X,154.011312
JAX00721835,X,154.011627
UNC31502377,X,154.080575
JAX00721837,X,154.107534
UNC31502889,X,154.151709
JAX00186338,X,154.154274
JAX00721844,X,154.158111
JAX00721846,X,154.163942
JAX00721850,X,154.17448
JAX00186344,X,154.224428
JAX00721856,X,154.224516
JAX00721859,X,154.250668
JAX00721865,X,154.257113
UNC31503677,X,154.261342
JAX00186348,X,154.273727
JAX00721869,X,154.279109
JAX00721870,X,154.280802
JAX00721872,X,154.286239
JAX00721876,X,154.290044
JAX00186349,X,154.310832
UNC31504401,X,154.335676
JAX00721886,X,154.343734
JAX00721889,X,154.352362
JAX00186354,X,154.355405
JAX00721892,X,154.359603
UNC200207852,X,154.361664
JAX00186355,X,154.391892
JAX00186356,X,154.392069
JAX00186357,X,154.392183
JAX00721894,X,154.405475
UNC31505303,X,154.487419
JAX00186365,X,154.516207
JAX00186367,X,154.567199
JAX00186369,X,154.567437
JAX00721905,X,154.589909
JAX00186371,X,154.593282
JAX00721909,X,154.601892
JAX00186375,X,154.632945
JAX00721911,X,154.645963
JAX00721912,X,154.646306
JAX00721918,X,154.682659
JAX00721919,X,154.691967
JAX00186379,X,154.696485
JAX00186380,X,154.696827
JAX00721922,X,154.697575
JAX00240355,X,154.69969
JAX00240356,X,154.699887
JAX00186385,X,154.80475
JAX00186386,X,154.80719
JAX00721928,X,154.811131
JAX00240358,X,154.820808
UNC31507127,X,154.83306
JAX00721932,X,154.863021
backupJAX00721933,X,154.863126
JAX00721935,X,154.866773
JAX00186390,X,154.870759
UNC31507657,X,154.902347
JAX00186395,X,154.902579
JAX00721938,X,154.927475
JAX00240359,X,154.956454
JAX00721942,X,154.959362
JAX00721949,X,154.983901
UNC31508535,X,155.01571
JAX00186402,X,155.030523
UNC31508881,X,155.072211
JAX00721955,X,155.084911
JAX00721958,X,155.093611
JAX00721964,X,155.150634
JAX00186412,X,155.153589
JAX00186413,X,155.153622
JAX00186416,X,155.195767
JAX00186417,X,155.228725
JAX00721969,X,155.243121
JAX00721973,X,155.244183
JAX00721974,X,155.245517
JAX00721975,X,155.260201
JAX00186420,X,155.267929
JAX00721977,X,155.268053
JAX00186421,X,155.272629
JAX00186422,X,155.28832
JAX00721982,X,155.325567
JAX00721984,X,155.325715
UNC31510591,X,155.362117
JAX00721991,X,155.37047
JAX00186430,X,155.401243
JAX00186431,X,155.401259
JAX00721993,X,155.431777
JAX00721995,X,155.459528
JAX00721996,X,155.463542
JAX00721997,X,155.486685
JAX00186440,X,155.519721
UNC31511780,X,155.520824
JAX00722002,X,155.522004
JAX00722003,X,155.532482
JAX00186441,X,155.550645
JAX00186443,X,155.555624
JAX00722005,X,155.582959
JAX00722006,X,155.593976
UNC31512152,X,155.59423
JAX00186446,X,155.59494
JAX00186447,X,155.633091
JAX00722016,X,155.654486
JAX00722019,X,155.661838
JAX00722021,X,155.686467
JAX00722022,X,155.687989
UNC31512943,X,155.695403
JAX00240378,X,155.700988
JAX00186454,X,155.713812
JAX00722026,X,155.717454
JAX00186458,X,155.755002
JAX00722034,X,155.767145
JAX00722035,X,155.786063
JAX00722036,X,155.817132
JAX00722037,X,155.817266
JAX00722040,X,155.822466
JAX00186462,X,155.826544
JAX00186463,X,155.828149
JAX00722042,X,155.85853
JAX00722043,X,155.858575
backupJAX00722044,X,155.862825
JAX00186465,X,155.870166
JAX00186466,X,155.870949
JAX00722045,X,155.878466
JAX00186467,X,155.879384
UNC31514370,X,155.879514
JAX00722047,X,155.883107
JAX00722048,X,155.895724
JAX00722051,X,155.900436
UNC31514736,X,155.929945
JAX00722054,X,155.957333
JAX00186474,X,155.991944
JAX00186475,X,155.992094
JAX00186477,X,156.024539
JAX00186479,X,156.035626
UNC31515842,X,156.074179
JAX00722063,X,156.082496
JAX00722067,X,156.097338
UNC200800390,X,156.111989
JAX00722070,X,156.115373
JAX00722071,X,156.119666
JAX00722072,X,156.119992
JAX00722073,X,156.143554
JAX00722074,X,156.144723
JAX00722075,X,156.148787
JAX00722078,X,156.150242
JAX00186486,X,156.153309
JAX00722081,X,156.163902
JAX00186487,X,156.164014
JAX00186490,X,156.188648
JAX00722086,X,156.193385
JAX00186491,X,156.193881
JAX00186492,X,156.232488
UNC31517152,X,156.233549
JAX00722098,X,156.259105
JAX00722099,X,156.259146
JAX00722102,X,156.267604
JAX00186495,X,156.275218
JAX00722108,X,156.300178
JAX00186499,X,156.311918
JAX00186500,X,156.312196
UNC31517925,X,156.313649
JAX00722110,X,156.317765
JAX00240384,X,156.321154
JAX00240385,X,156.321192
JAX00722114,X,156.334078
JAX00722118,X,156.341069
JAX00186502,X,156.350934
JAX00186503,X,156.355405
JAX00722120,X,156.362691
JAX00186504,X,156.380361
JAX00722125,X,156.390773
JAX00722126,X,156.393351
JAX00722129,X,156.399007
JAX00722130,X,156.40045
JAX00722131,X,156.413173
JAX00722133,X,156.417733
JAX00722134,X,156.41799
JAX00722135,X,156.418099
UNC31518863,X,156.430111
JAX00186510,X,156.474303
JAX00722140,X,156.482119
backupUNC200246213,X,156.487355
JAX00722141,X,156.501668
JAX00186513,X,156.51087
JAX00186514,X,156.51099
JAX00722146,X,156.530786
JAX00186517,X,156.554076
JAX00722150,X,156.562323
JAX00722152,X,156.571875
JAX00722153,X,156.588095
JAX00722154,X,156.588487
JAX00722155,X,156.589069
UNC31520276,X,156.599882
JAX00722156,X,156.600817
JAX00240391,X,156.628036
JAX00186522,X,156.630928
JAX00186523,X,156.630962
JAX00722170,X,156.651851
UNC31520841,X,156.656909
JAX00722176,X,156.679875
JAX00722184,X,156.692677
UNC200803134,X,156.733447
UNC31521517,X,156.742562
JAX00722188,X,156.78384
JAX00186535,X,156.792285
JAX00722193,X,156.808558
JAX00722194,X,156.808798
JAX00722195,X,156.818898
JAX00722196,X,156.822822
JAX00186538,X,156.832705
JAX00722198,X,156.845749
UNC31522543,X,156.866599
JAX00186540,X,156.870116
JAX00722207,X,156.907766
UNC31523055,X,156.916166
JAX00722209,X,156.943493
JAX00722210,X,156.949669
JAX00186547,X,156.954834
JAX00722212,X,156.969921
UNC31523718,X,157.0018
JAX00722217,X,157.014725
JAX00722218,X,157.0162
JAX00722221,X,157.042422
JAX00186556,X,157.070315
JAX00722226,X,157.084965
JAX00722227,X,157.085083
JAX00722228,X,157.111018
JAX00186559,X,157.1135
JAX00186560,X,157.113685
JAX00722230,X,157.114213
JAX00722236,X,157.156874
JAX00722237,X,157.170049
UNC31524753,X,157.172037
JAX00722240,X,157.187872
JAX00186565,X,157.188291
JAX00722243,X,157.189338
JAX00722245,X,157.224902
JAX00722246,X,157.229309
JAX00186569,X,157.232205
UNC31525307,X,157.255861
JAX00186572,X,157.275329
JAX00722250,X,157.284482
JAX00722254,X,157.31832
JAX00722255,X,157.336118
UNC31525888,X,157.350314
JAX00722257,X,157.374797
JAX00722258,X,157.388685
JAX00722260,X,157.391391
JAX00186579,X,157.391968
JAX00722261,X,157.403712
JAX00722262,X,157.416475
JAX00722264,X,157.426556
UNC31526250,X,157.433933
JAX00722266,X,157.458348
JAX00722270,X,157.468027
JAX00722271,X,157.468567
JAX00186585,X,157.471967
JAX00186588,X,157.510369
JAX00186589,X,157.520206
JAX00722274,X,157.522767
JAX00186593,X,157.552172
UNC31527426,X,157.614105
JAX00186597,X,157.623901
JAX00722290,X,157.691803
JAX00722291,X,157.69259
UNC31527829,X,157.696944
JAX00722295,X,157.698714
JAX00186604,X,157.707328
JAX00186608,X,157.759194
UNC31528426,X,157.7818
JAX00186610,X,157.792526
JAX00722300,X,157.794133
JAX00722302,X,157.816877
JAX00722303,X,157.82128
JAX00722304,X,157.824992
JAX00722305,X,157.828036
JAX00722306,X,157.852901
JAX00722310,X,157.869362
JAX00186615,X,157.873351
UNC31529265,X,157.874201
JAX00722315,X,157.897498
JAX00186620,X,157.916204
JAX00240412,X,157.9343
UNC31529785,X,157.940398
JAX00722322,X,157.94295
JAX00186622,X,157.952581
JAX00186626,X,157.994144
JAX00722327,X,157.994848
JAX00186627,X,158.023555
JAX00186628,X,158.033662
JAX00722331,X,158.048975
UNC31530550,X,158.049246
JAX00240415,X,158.058647
JAX00186631,X,158.072054
JAX00186632,X,158.074248
JAX00186634,X,158.120883
UNC31531049,X,158.127798
JAX00722341,X,158.181537
JAX00722344,X,158.193753
UNC31531605,X,158.21384
JAX00240422,X,158.242657
JAX00722358,X,158.279272
JAX00722359,X,158.280537
UNC31532013,X,158.296095
JAX00722362,X,158.298357
JAX00722364,X,158.308146
JAX00186649,X,158.316188
JAX00722365,X,158.345611
backupJAX00722366,X,158.361836
JAX00722371,X,158.378742
JAX00722372,X,158.379869
JAX00722375,X,158.383128
JAX00722377,X,158.383508
JAX00186654,X,158.393578
JAX00722378,X,158.39723
JAX00722383,X,158.414181
JAX00722384,X,158.421451
JAX00722385,X,158.426494
JAX00722386,X,158.426523
JAX00186659,X,158.432415
JAX00722388,X,158.44635
JAX00722391,X,158.463412
UNC31533263,X,158.482679
JAX00722396,X,158.50124
JAX00722401,X,158.536433
JAX00722402,X,158.538429
JAX00722403,X,158.543833
JAX00722404,X,158.544278
JAX00722407,X,158.549459
JAX00186667,X,158.553243
UNC31534026,X,158.57196
JAX00722410,X,158.574717
JAX00722412,X,158.575446
JAX00722413,X,158.57569
JAX00186669,X,158.592058
JAX00186670,X,158.593312
JAX00722414,X,158.599495
UNC31534437,X,158.646408
JAX00722419,X,158.6507
JAX00722423,X,158.668127
JAX00186677,X,158.670213
JAX00722425,X,158.698557
JAX00186678,X,158.712829
JAX00186680,X,158.713788
JAX00722426,X,158.717253
JAX00722427,X,158.721504
JAX00722429,X,158.72972
JAX00240432,X,158.739808
JAX00186681,X,158.754737
JAX00722434,X,158.754845
JAX00186682,X,158.755065
JAX00186683,X,158.755583
JAX00722435,X,158.756794
JAX00722436,X,158.76305
JAX00722437,X,158.763188
JAX00186686,X,158.799245
JAX00722441,X,158.811619
JAX00240435,X,158.817705
UNC31535785,X,158.824525
JAX00722442,X,158.850186
JAX00722447,X,158.867391
JAX00186691,X,158.873005
JAX00722448,X,158.875614
UNC31536170,X,158.877798
JAX00722449,X,158.892316
JAX00186693,X,158.896012
JAX00722451,X,158.898101
JAX00722455,X,158.926756
JAX00186697,X,158.952679
JAX00186698,X,158.953928
UNC31536988,X,158.991343
JAX00186700,X,158.992928
JAX00722462,X,159.020844
JAX00722463,X,159.024198
JAX00722466,X,159.059821
UNC31537649,X,159.07923
JAX00722469,X,159.090395
JAX00722471,X,159.098919
JAX00186709,X,159.116696
JAX00186710,X,159.120032
JAX00722475,X,159.124058
JAX00186711,X,159.152447
JAX00186712,X,159.153274
JAX00186713,X,159.155825
JAX00722482,X,159.186529
backupJAX00186716,X,159.194303
JAX00722487,X,159.226329
JAX00186717,X,159.230277
JAX00186718,X,159.230791
JAX00722489,X,159.239652
UNC31538825,X,159.245035
JAX00186719,X,159.252248
UNC31539648,X,159.337563
JAX00722505,X,159.367036
JAX00722506,X,159.367315
JAX00722509,X,159.37252
JAX00722518,X,159.408113
JAX00722519,X,159.408313
JAX00722520,X,159.409909
backupJAX00722521,X,159.410628
UNC31540599,X,159.414783
JAX00722525,X,159.424347
JAX00186732,X,159.4321
JAX00186733,X,159.432803
JAX00186734,X,159.432884
JAX00722528,X,159.454851
JAX00722529,X,159.455131
JAX00722533,X,159.456798
JAX00240445,X,159.45799
JAX00722539,X,159.485231
UNC31541581,X,159.509318
JAX00722540,X,159.509772
JAX00186740,X,159.510329
JAX00186743,X,159.552143
JAX00722542,X,159.552589
JAX00722545,X,159.581985
JAX00186745,X,159.598287
JAX00722547,X,159.622336
JAX00186751,X,159.674463
UNC31542792,X,159.68287
JAX00186753,X,159.712128
JAX00186755,X,159.715198
JAX00722554,X,159.716775
JAX00722555,X,159.72549
JAX00722558,X,159.749738
JAX00186758,X,159.753025
JAX00722563,X,159.756558
JAX00722565,X,159.789246
JAX00186762,X,159.825194
JAX00722571,X,159.832873
UNC31544061,X,159.854128
JAX00722572,X,159.861601
JAX00722576,X,159.895943
JAX00722577,X,159.902981
JAX00186769,X,159.91647
JAX00722578,X,159.923232
JAX00186772,X,159.954646
JAX00722584,X,159.983743
UNC31545232,X,160.029499
JAX00186779,X,160.032878
UNC31545940,X,160.117142
JAX00186787,X,160.152516
JAX00722598,X,160.161531
UNC200066422,X,160.18891
JAX00186790,X,160.198167
UNC31546420,X,160.202303
JAX00186793,X,160.232114
JAX00186797,X,160.275637
JAX00722607,X,160.286678
UNC31546983,X,160.288548
JAX00186798,X,160.3155
JAX00186799,X,160.316093
JAX00186800,X,160.316542
UNC31547541,X,160.367644
JAX00722618,X,160.384412
JAX00722619,X,160.384425
JAX00722622,X,160.408084
JAX00722624,X,160.413528
JAX00722626,X,160.41471
JAX00722627,X,160.41883
JAX00186804,X,160.43558
JAX00186807,X,160.456161
UNC200048303,X,160.485934
JAX00186810,X,160.512086
JAX00186811,X,160.514532
JAX00722635,X,160.536621
JAX00722636,X,160.536856
JAX00722641,X,160.541498
JAX00722642,X,160.558336
UNC31549745,X,160.576311
JAX00186816,X,160.594404
JAX00186817,X,160.594592
JAX00186818,X,160.595748
UNC31550037,X,160.607985
JAX00722654,X,160.620082
JAX00186819,X,160.633148
JAX00186820,X,160.63343
JAX00722655,X,160.633646
JAX00722658,X,160.659681
JAX00722659,X,160.659914
JAX00186822,X,160.669918
JAX00186823,X,160.669943
UNC31551147,X,160.709886
JAX00722666,X,160.722434
JAX00722670,X,160.734228
JAX00722673,X,160.748551
JAX00186828,X,160.752463
JAX00240461,X,160.781409
JAX00186832,X,160.79882
JAX00722680,X,160.808568
JAX00722681,X,160.8087
JAX00722682,X,160.808769
UNC31551989,X,160.808927
JAX00722683,X,160.845229
JAX00722685,X,160.856144
UNC31552939,X,160.906403
JAX00186845,X,160.9524
UNC31553261,X,160.95359
JAX00722701,X,160.977695
JAX00186848,X,161.009373
JAX00186850,X,161.03245
JAX00240466,X,161.041513
JAX00722707,X,161.064267
JAX00186852,X,161.072056
JAX00186854,X,161.073226
UNC31554206,X,161.076022
JAX00722714,X,161.105067
JAX00186855,X,161.110268
JAX00186859,X,161.151496
JAX00722715,X,161.160367
JAX00722717,X,161.171863
JAX00722718,X,161.182986
JAX00186861,X,161.194673
JAX00240470,X,161.218884
JAX00722721,X,161.23261
JAX00722722,X,161.233623
UNC31555745,X,161.239899
JAX00186867,X,161.273736
JAX00186869,X,161.274331
JAX00722725,X,161.276649
JAX00722726,X,161.276816
JAX00722729,X,161.281928
JAX00722731,X,161.283824
UNC31556429,X,161.320269
JAX00186872,X,161.32329
JAX00186873,X,161.355456
JAX00186875,X,161.356852
JAX00722736,X,161.362921
UNC31556951,X,161.383726
JAX00186878,X,161.395793
JAX00722742,X,161.399418
JAX00722744,X,161.43479
JAX00186879,X,161.435601
JAX00722747,X,161.442363
JAX00186881,X,161.445602
JAX00722748,X,161.456201
JAX00722752,X,161.466253
JAX00722754,X,161.496357
JAX00722759,X,161.512435
JAX00186885,X,161.512634
UNC31558530,X,161.544612
JAX00186888,X,161.551163
JAX00186889,X,161.552428
JAX00722764,X,161.601717
JAX00722767,X,161.60706
JAX00722768,X,161.621378
JAX00186896,X,161.635665
JAX00722771,X,161.662049
JAX00722772,X,161.667147
JAX00722775,X,161.69109
JAX00722776,X,161.691921
UNC31559862,X,161.702734
JAX00186904,X,161.753661
JAX00722786,X,161.77231
JAX00186906,X,161.797875
JAX00186907,X,161.804921
JAX00186908,X,161.805317
JAX00722791,X,161.806378
UNC31560729,X,161.824206
JAX00186911,X,161.834683
JAX00186913,X,161.868158
JAX00186915,X,161.921654
JAX00186916,X,161.921748
JAX00186917,X,161.922431
JAX00722804,X,161.943113
JAX00722805,X,161.955752
JAX00722808,X,161.963694
UNC31561843,X,161.966138
JAX00722817,X,162.05514
JAX00722818,X,162.055172
UNC31562702,X,162.102341
JAX00186930,X,162.116599
JAX00186931,X,162.118942
JAX00722825,X,162.131644
JAX00722826,X,162.149557
JAX00722827,X,162.159618
JAX00722828,X,162.162983
JAX00722829,X,162.203685
JAX00722830,X,162.220242
JAX00722832,X,162.243392
JAX00722835,X,162.261865
JAX00722839,X,162.297441
JAX00186945,X,162.313798
JAX00186953,X,162.387989
JAX00186956,X,162.435625
JAX00722848,X,162.44917
JAX00240486,X,162.457
JAX00186957,X,162.472774
JAX00186958,X,162.473155
JAX00186959,X,162.477859
JAX00722853,X,162.49239
JAX00722854,X,162.499606
JAX00186962,X,162.517304
JAX00722856,X,162.517892
JAX00186963,X,162.553719
JAX00186965,X,162.556699
JAX00186967,X,162.592005
JAX00186968,X,162.592353
JAX00722858,X,162.621159
JAX00722865,X,162.663869
JAX00722870,X,162.695183
JAX00722871,X,162.698765
JAX00722872,X,162.699071
JAX00722874,X,162.725334
JAX00186980,X,162.770708
JAX00722882,X,162.772256
UNC31566941,X,162.777813
JAX00722894,X,162.848097
JAX00186986,X,162.849024
JAX00186989,X,162.877176
JAX00186990,X,162.914356
UNC31568433,X,162.951398
JAX00722909,X,162.974307
JAX00186997,X,162.986739
JAX00186998,X,162.996973
JAX00722911,X,163.004106
JAX00186999,X,163.031849
JAX00187004,X,163.075192
JAX00722922,X,163.100477
UNC31570179,X,163.102048
JAX00722926,X,163.108794
JAX00722927,X,163.121586
JAX00722929,X,163.127396
JAX00722935,X,163.144289
JAX00187013,X,163.195596
JAX00722942,X,163.198238
UNC31571136,X,163.19872
JAX00722943,X,163.204481
JAX00722946,X,163.238793
JAX00722948,X,163.243746
JAX00722950,X,163.244139
JAX00240495,X,163.253183
JAX00722954,X,163.255436
JAX00722955,X,163.255511
JAX00722956,X,163.257885
JAX00722957,X,163.258838
JAX00722958,X,163.259304
JAX00722959,X,163.260771
JAX00187017,X,163.271876
JAX00187020,X,163.298507
JAX00187021,X,163.314755
JAX00187022,X,163.315267
JAX00722963,X,163.315393
JAX00722967,X,163.379588
JAX00722974,X,163.413813
JAX00722978,X,163.43164
JAX00240500,X,163.469526
JAX00187033,X,163.476818
JAX00722982,X,163.484107
JAX00722986,X,163.503914
JAX00187035,X,163.510647
JAX00187036,X,163.511444
JAX00722989,X,163.516645
JAX00722991,X,163.54295
UNC31575070,X,163.547612
JAX00722996,X,163.553069
JAX00722997,X,163.55763
backupUNC200838158,X,163.563142
JAX00722998,X,163.573262
JAX00723000,X,163.579872
JAX00187042,X,163.593933
JAX00723008,X,163.617334
JAX00723010,X,163.619587
JAX00187044,X,163.636682
JAX00723011,X,163.649689
UNC31576173,X,163.650767
JAX00723013,X,163.659804
JAX00187047,X,163.6716
JAX00723016,X,163.692467
JAX00723017,X,163.692526
JAX00723018,X,163.692779
JAX00723020,X,163.704344
JAX00187051,X,163.704556
JAX00723021,X,163.730912
JAX00723022,X,163.73184
JAX00187055,X,163.752164
JAX00723023,X,163.755765
JAX00723025,X,163.76032
JAX00723027,X,163.763724
JAX00723028,X,163.772015
JAX00723030,X,163.790931
JAX00187057,X,163.791866
JAX00187058,X,163.795575
JAX00187059,X,163.832828
JAX00723039,X,163.872039
JAX00187063,X,163.872715
JAX00723043,X,163.900796
JAX00723044,X,163.902556
JAX00187066,X,163.917631
UNC31578355,X,163.941443
JAX00187069,X,163.95409
JAX00723049,X,163.95432
JAX00723051,X,163.960394
JAX00723054,X,163.993189
UNC31578999,X,164.013106
JAX00723061,X,164.013775
JAX00187076,X,164.035584
JAX00240507,X,164.073945
JAX00723066,X,164.076416
JAX00723067,X,164.081481
JAX00723068,X,164.081717
JAX00187080,X,164.10267
JAX00187081,X,164.102735
B6_X-164113817-S,X,164.113817
JAX00723072,X,164.13868
JAX00723073,X,164.150073
JAX00723077,X,164.157169
JAX00723083,X,164.1836
JAX00187090,X,164.234778
UNC31581130,X,164.239322
JAX00723088,X,164.264323
JAX00723090,X,164.26755
JAX00723095,X,164.312366
JAX00187095,X,164.312819
JAX00187096,X,164.314634
JAX00187097,X,164.314778
JAX00723099,X,164.316145
JAX00723101,X,164.31906
UNC31582051,X,164.328339
JAX00723107,X,164.331481
JAX00187099,X,164.350263
JAX00187100,X,164.357798
JAX00723109,X,164.374032
JAX00240510,X,164.388004
JAX00723113,X,164.391385
JAX00723122,X,164.421066
backupUNC200889296,X,164.469557
UNC31583197,X,164.472574
JAX00723131,X,164.486227
JAX00723132,X,164.486239
JAX00723136,X,164.504443
JAX00187110,X,164.512352
JAX00723143,X,164.536164
JAX00723146,X,164.544788
JAX00723147,X,164.556653
JAX00240514,X,164.565519
JAX00723152,X,164.587993
UNC31584027,X,164.597463
JAX00723158,X,164.609086
JAX00187120,X,164.632017
JAX00723162,X,164.666276
JAX00723165,X,164.679143
JAX00723166,X,164.680281
JAX00723167,X,164.686328
UNC31584804,X,164.689123
JAX00187126,X,164.713945
JAX00187127,X,164.714135
JAX00187129,X,164.75394
JAX00723176,X,164.755399
JAX00723177,X,164.762906
JAX00723184,X,164.787704
JAX00187131,X,164.790015
JAX00723186,X,164.806189
JAX00723188,X,164.808758
JAX00187134,X,164.827002
JAX00187136,X,164.833545
JAX00187137,X,164.856212
JAX00723191,X,164.868604
JAX00187138,X,164.870669
JAX00240522,X,164.884385
UNC31586491,X,164.887153
JAX00723196,X,164.897695
JAX00723197,X,164.898269
JAX00187144,X,164.943174
JAX00240525,X,164.960366
JAX00240526,X,164.960536
JAX00723200,X,164.964044
JAX00723206,X,165.008367
UNC31587648,X,165.025562
JAX00187149,X,165.029619
JAX00187152,X,165.072529
JAX00187154,X,165.072849
JAX00723214,X,165.084399
JAX00723218,X,165.10137
JAX00723219,X,165.102405
JAX00187156,X,165.108615
JAX00187157,X,165.109006
JAX00723223,X,165.14211
JAX00187158,X,165.151944
JAX00723227,X,165.173868
JAX00723232,X,165.187522
JAX00723233,X,165.18937
JAX00187161,X,165.192295
JAX00187162,X,165.194631
JAX00240529,X,165.222865
JAX00240530,X,165.223022
JAX00187165,X,165.233459
JAX00187166,X,165.23441
JAX00187167,X,165.26574
JAX00723237,X,165.266493
JAX00723240,X,165.267356
JAX00187168,X,165.267939
JAX00723243,X,165.304116
JAX00723246,X,165.31137
JAX00187172,X,165.311974
JAX00240533,X,165.348041
JAX00187175,X,165.354969
JAX00723249,X,165.376736
JAX00723251,X,165.385123
JAX00187177,X,165.392404
UNC31590581,X,165.398024
JAX00723256,X,165.419202
UNC31590719,X,165.433862
UNC31590957,X,165.473577
JAX00187184,X,165.475837
UNC31591176,X,165.514001
JAX00723266,X,165.520688
UNC31591264,X,165.531423
JAX00187189,X,165.558889
JAX00723269,X,165.559067
UNC31591516,X,165.582128
JAX00723271,X,165.590263
JAX00187192,X,165.592239
JAX00723272,X,165.609507
JAX00723273,X,165.61155
JAX00723274,X,165.614661
JAX00725008,X,165.623473
JAX00187195,X,165.633545
UNC31591894,X,165.659013
JAX00723277,X,165.663874
JAX00723280,X,165.669742
JAX00723284,X,165.709014
UNC31592078,X,165.709314
JAX00723285,X,165.71263
UNC31592360,X,165.761326
JAX00187205,X,165.761773
JAX00723292,X,165.776236
JAX00187206,X,165.789501
UNC31592588,X,165.801161
JAX00723294,X,165.807806
JAX00723296,X,165.807923
JAX00723298,X,165.840898
UNC31592717,X,165.842469
UNC31592836,X,165.86462
UNC200051678,X,165.892683
